"id"	"model"	"loglik"	"AIC"	"AICc"	"BIC"	"param.count"	"eigval1"	"eigval2"	"eigval3"	"0_alpha"	"1_alpha"	"sigma0"	"1_sigma.sq"	"theta0"	"theta_se0"	"theta_1"	"theta_se_1"
1	"OUMA"	37409.5505503158	-74809.1011006317	-74809.0715585342	-74781.0049335505	5	5e+10	3.8e+09	-5.5e+08	1.49206346548605e-09	0.2551179755841	0.00612456064571784	0.00612456064571784	-2799654.77807293	317913099627.3	-0.284941224368899	14503.9035766535
1	"OUMVA"	72951.8646031662	-145891.729206332	-145891.687827022	-145858.013805835	6	1000	380	220	0.0595436456804296	0.700517149245315	1.01147173020814e-09	1e-09	1.00190844986095e-16	6399532.03940453	-0.849685460298929	1.39829300525143e+22
10	"OUMA"	27201.7476273206	-54393.4952546411	-54393.4657125436	-54365.39908756	5	3.8e+10	1.8e+09	630000	7.19794005556606e-08	0.218539916057311	0.00186532672898866	0.00186532672898866	6.84391388064142e-10	1.74920460613932e-07	1.8336804840925	468.670395754408
10	"OUMVA"	55660.7048898618	-111309.409779724	-111309.368400413	-111275.694379226	6	1100	420	180	0.171745485796217	0.520662436400751	1.03038645024816e-09	1.00833402178374e-09	-32740.9233190325	0	-0.280725937440087	92629.8724795853
100	"OUMA"	32802.7959022941	-65595.5918045883	-65595.5622624908	-65567.4956375071	5	4.5e+10	1.5e+09	2.1e+08	1.24607901211551e-09	0.25048072688788	0.00129985995133108	0.00129985995133108	4.48598535168856e-10	0	2.24956596211661	1891.60397565307
100	"OUMVA"	37620.1401919765	-75228.2803839531	-75228.2390046427	-75194.5649834557	6	6.2e+09	9.2e+08	2e+06	9.5490553913232e-09	0.158060354801353	1.00599965532331e-09	0.000836196475353982	-1286.50600464522	41.0862203734723	2.92616181896008	0.0366891815371794
11	"OUMA"	17281.4952788393	-34552.9905576787	-34552.9610155812	-34524.8943905975	5	3.2e+10	3.5e+08	-2.6e+08	1.43969712069564e-07	0.195063698298517	0.00393803437309687	0.00393803437309687	1.09085495933453	0.554613352764117	2.02896466306555	1.28621166888123
11	"OUMVA"	63538.3079019725	-127064.615803945	-127064.574424635	-127030.900403448	6	1200	490	73	0.109325777360343	0.471895493094805	1.071209761883e-09	1.30356145856697e-09	5.11034301847963e-15	0	-0.276976277096793	26179.5600600683
12	"OUMA"	74965.9469518617	-149921.893903723	-149921.864361626	-149893.797736642	5	2.2e+09	910000	-9200	0.0001534059972446	0.401522762861958	1e-09	1e-09	2.2579241207322e-16	0	-0.849685460298928	3611074816534.38
13	"OUMA"	32986.3931758008	-65962.7863516016	-65962.7568095041	-65934.6901845205	5	2.1e+09	-1.2e+07	-5e+09	6.44788066940332e-06	0.233453764045325	1.00213394234102e-09	1.00213394234102e-09	1.67002605062736e-08	4.71900150393495e-10	3.084810674665	0.0871680668903826
14	"OUMA"	25546.5729774954	-51083.1459549909	-51083.1164128934	-51055.0497879098	5	4.5e+10	1.8e+09	-6.2e+07	3.19213482861404e-09	0.248453107896926	0.00142922200414576	0.00142922200414576	-1.31348960375283e-12	3.78611025020187e-05	-0.290378195769601	6126023.55351332
14	"OUMVA"	54902.4187105381	-109792.837421076	-109792.796041766	-109759.122020579	6	1000	380	210	0.00585616651344694	0.305537419658163	1.007575867008e-09	1.02291831694172e-09	-5.2306211955506e-15	2.4788397573956e-08	-0.289325682535194	251240.313906106
15	"OUMA"	22842.2661301259	-45674.5322602519	-45674.5027181544	-45646.4360931707	5	4.3e+10	1.7e+09	-3e+07	1.11601337981916e-09	0.240442293694425	0.00168297443674059	0.00168297443674059	1.53964312567716e-08	8.03344893029331e-07	3.19135873052722	166.516189025107
16	"OUMA"	22281.2428880985	-44552.4857761969	-44552.4562340994	-44524.3896091158	5	98000	41000	-45000	6.87428337165751e-08	0.252036431681802	1e-09	1e-09	1922481.31362421	0	-0.270777141914355	0
16	"OUMVA"	36805.6618605872	-73599.3237211745	-73599.2823418641	-73565.6083206771	6	1100	470	130	7.71776904374691e-05	0.277391560706369	0.00890418031767152	0.131151707389472	-850150.741551221	0	3.53239690523398	72213.3554606757
17	"OUMA"	15391.6132400363	-30773.2264800726	-30773.1969379751	-30745.1303129915	5	3.5e+10	3.3e+07	-3.1e+07	7.12210863862963e-09	0.212318145327415	0.00175806543704821	0.00175806543704821	4.77151145609145e-09	2.86093113217782e-08	2.66712715092878	15.9970383033819
17	"OUMVA"	51138.1882723325	-102264.376544665	-102264.335165355	-102230.661144168	6	6.1e+09	9.5e+08	2e+06	0.121366399044681	0.503565694366892	1.07987272425203e-09	1.00001090802873e-09	-2.2492268149931e-15	0	-0.849685460298924	4934068015674.37
18	"OUMA"	37173.2153963653	-74336.4307927305	-74336.401250633	-74308.3346256494	5	4.6e+10	5.5e+08	-1.6e+08	4.78822368828713e-08	0.25645244849649	0.000796470028294462	0.000796470028294462	7.89073468302892e-12	5.36772067267208e-09	2.12246295581315	1336.80756351342
18	"OUMVA"	78907.9647990812	-157803.929598162	-157803.888218852	-157770.214197665	6	1100	350	250	0.000671271165385259	1.02946451426016	1.00343483139349e-09	1.00093786468915e-09	8.57646692898941e-16	6.16209806960579e+25	-0.849685460298928	7.51489211963683e+40
19	"OUMA"	24453.2790321648	-48896.5580643297	-48896.5285222322	-48868.4618972486	5	3.6e+10	3.8e+08	2.2e+07	3.40909597390736e-07	0.212921668948466	0.0308134429893905	0.0308134429893905	-3.76394557254337e-11	5.71371068044952e-05	-0.235411333626022	357311.263738161
2	"OUMA"	35468.9755888529	-70927.9511777058	-70927.9216356083	-70899.8550106246	5	5.2e+10	3.9e+09	-5.2e+08	1.10410595565419e-09	0.263119886127982	0.00652371134851278	0.00652371134851278	-7.08152218139907e-13	0.0268992645054433	-0.849685460299635	32221512179.1713
2	"OUMVA"	58704.7170635688	-117397.434127138	-117397.392747827	-117363.71872664	6	1100	370	210	0.0143534274648478	0.30628715820797	1.28812592343816e-09	1.00115776587726e-09	-2.80419993986307e-14	7.46434947926964e-06	-0.849685460298956	212736405.409235
20	"OUMA"	63842.6744686548	-127675.34893731	-127675.319395212	-127647.252770229	5	4100000	2300000	4100	0.000138357357797313	0.437391102342292	1.01928074274748e-09	1.01928074274748e-09	-5.62085646225633e-16	0	-0.849685460298928	674025996281592
20	"OUMVA"	64118.6540240913	-128225.308048183	-128225.266668872	-128191.592647685	6	1100	420	180	0.00947658989315602	0.360024936379315	1.20708739110785e-09	2.85070680691702e-09	-1.64636327528013e-15	0.000237212433173912	-0.849685460298929	147641336777.198
21	"OUMA"	42448.2747477944	-84886.5494955888	-84886.5199534913	-84858.4533285077	5	4.4e+10	2.3e+08	-7.2e+07	2.87027760761046e-08	0.249801056255845	1e-09	1e-09	2.23918280644243e-09	1.09809219849876e-07	1.6599243520843	26.0660349726435
21	"OUMVA"	59897.9164471911	-119783.832894382	-119783.791515072	-119750.117493885	6	1100	440	140	0.134205606887348	0.483550658911837	1.00821124169516e-09	1.06790389587449e-09	6.12502410612568e-17	0	-0.849685460298928	590340765727.217
22	"OUMA"	28677.3152856228	-57344.6305712455	-57344.601029148	-57316.5344041644	5	4.8e+10	2.2e+09	-2.1e+07	6.8746097197644e-09	0.260523427915721	0.00283449696869605	0.00283449696869605	204827.071531073	7167344950.04678	-0.322968526717689	11165.5407470822
23	"OUMA"	42002.8157850589	-83995.6315701179	-83995.6020280204	-83967.5354030367	5	4.8e+10	2.2e+08	-7.2e+07	1.89620049759998e-08	0.263431466973716	1.00069791239175e-09	1.00069791239175e-09	-7.5068155472848e-09	2.22129115578686e-07	-0.231083204458425	19.3496360010796
23	"OUMVA"	77521.1901348104	-155030.380269621	-155030.33889031	-154996.664869123	6	1000	450	170	0.000516915031702602	1.2993197981761	1e-09	1e-09	-1.32703602001795e-16	0	-0.849685460298928	7.16170092620867e+47
24	"OUMA"	50659.4394273768	-101308.878854754	-101308.849312656	-101280.782687672	5	1.6e+09	1700000	6100	0.00053529327320111	0.31251061917164	1.29132701536206e-09	1.29132701536206e-09	5.08569678142985e-10	5.74698600329706e-09	3.1248589013477	43.3613033686062
24	"OUMVA"	52270.7144342321	-104529.428868464	-104529.387489154	-104495.713467967	6	1200	430	150	0.0254622928204768	0.359971395073529	1.06527505849296e-09	1.00458764092816e-09	-205018710.010152	0	-0.873433453705476	6503.53552154466
25	"OUMA"	22713.8643875864	-45417.7287751728	-45417.6992330753	-45389.6326080917	5	4e+10	1.8e+09	-2.3e+07	5.26394895756013e-08	0.228430150340417	0.00168332213180352	0.00168332213180352	-445689.38042823	1026474399.52819	3.03539830278286	52.8270117547655
25	"OUMVA"	33987.5116863826	-67963.0233727653	-67962.9819934549	-67929.3079722679	6	1500	440	2.6	0.00493921732049405	0.294502631413997	0.315330717313311	0.556584871646117	703612.382444723	868730534384.089	-0.449473818784238	1874793.3948109
26	"OUMA"	28321.6686537846	-56633.3373075692	-56633.3077654717	-56605.2411404881	5	4.1e+10	110000	41000	4.72216787082092e-08	0.236608184452138	1e-09	1e-09	4.21544639717108e-08	1.17185597515619e-10	2.93736091426863	0.00816559761268166
26	"OUMVA"	37593.4839483329	-75174.9678966659	-75174.9265173555	-75141.2524961685	6	1100	450	140	0.014507101721414	0.279628369237313	0.0391935265524385	0.0484583837170175	3.27128093681775e-10	2.67016819520296e-06	2.68047481636824	21871.4209261437
27	"OUMA"	61898.0895889771	-123786.179177954	-123786.149635857	-123758.083010873	5	8.6e+10	8e+08	9900	3.32465815310687e-05	0.387088270188664	1e-09	1e-09	-2.71969364449198e-11	0.0148776002640679	-0.23713014520999	61776440.6474498
28	"OUMA"	75919.5541196452	-151829.10823929	-151829.078697193	-151801.012072209	5	2.2e+11	8.6e+08	-1.9e+07	0.000338393242369504	0.413050411844025	1.24646832728464e-09	1.24646832728464e-09	-2.78352091107539e-16	0	-0.849685460298928	85662552092053.8
29	"OUMA"	26880.0335960413	-53750.0671920825	-53750.037649985	-53721.9710250014	5	4.2e+10	1.7e+09	120000	1.18005674694321e-08	0.240065062563264	0.00251578399730564	0.00251578399730564	-4.64271410513933e-12	8.60294899155133e-05	-0.319553504620435	5907335.01489432
29	"OUMVA"	61554.9990528772	-123097.998105754	-123097.956726444	-123064.282705257	6	1000	450	200	0.00549512800223922	0.302289165397068	1.00028900003517e-09	1e-09	-1.0011788543299e-14	0	-0.311492179738145	294351.262912797
3	"OUMA"	35337.1901235471	-70664.3802470942	-70664.3507049968	-70636.2840800131	5	3.8e+10	2.3e+08	-1.1e+08	7.45163358229682e-08	0.225036842551137	1e-09	1e-09	5.09573218789528e-10	5.64652172625743e-11	1.83290917053515	0.203102524354619
30	"OUMV"	-3513.34818373749	7036.69636747497	7036.72590957246	7064.79253455611	5	6.1e+09	8.9e+08	-5700	3.35810463084331	3.35810463084331	13.3217229394988	11.2291832447797	2.16987453212047	0.0389337834662958	1.89498523607216	0.0500232341090698
30	"OUMA"	24968.6747801448	-49927.3495602895	-49927.3200181921	-49899.2533932084	5	3.8e+10	5.8e+08	-4.2e+08	1.20974341187157e-09	0.221759824872715	0.00720359829104229	0.00720359829104229	-2.31327545981377e-11	0.000104207380972115	-0.339901240059017	1531703.33686197
30	"OUMVA"	27588.4149192329	-55164.8298384657	-55164.7884591554	-55131.1144379684	6	6.1e+09	8.9e+08	-5700	6.12259291831982e-09	0.155751856083367	7.29719165249499e-08	0.00438653210652073	-423.875225352415	166.987062463863	1.80722572558809	0.0220194227832913
31	"OUMA"	33003.0584481706	-65996.1168963413	-65996.0873542438	-65968.0207292601	5	4.7e+10	2.5e+09	-3.7e+08	2.28838061471074e-09	0.256454265938104	0.00334500143071235	0.00334500143071235	-3.02730807863818e-12	0	-0.348715796775271	289931.761839166
32	"OUMA"	28306.7855026252	-56603.5710052504	-56603.5414631529	-56575.4748381692	5	4.2e+10	2e+09	-7.4e+07	1.22307577771076e-08	0.232171652364383	0.00151250904708476	0.00151250904708476	7151.85995132123	837674.084257379	0.0836225783408846	0
32	"OUMVA"	60419.1716176803	-120826.343235361	-120826.30185605	-120792.627834863	6	1100	400	200	0.141408793689893	1.00448154272981	1.00000090258592e-09	1.00234136343963e-09	-1.64212706727567e-19	0	-0.849685460298928	3.04991731778352e+33
33	"OUMA"	23093.8379069769	-46177.6758139537	-46177.6462718562	-46149.5796468726	5	3.6e+10	1.7e+08	-2.4e+08	3.41903733799576e-09	0.212824443884626	0.00332490742467984	0.00332490742467984	1.78145154324884e-10	2.14118014456139e-09	1.24386834570166	14.9837480889827
33	"OUMVA"	28576.54084114	-57141.08168228	-57141.0403029696	-57107.3662817826	6	1200	480	62	3.84576238535551e-09	0.179922160724425	1.15554229227332e-07	4.0472698377323e-05	-4317.22843773812	412.607238881916	2.58432348391055	0.0487980941474044
34	"OUMA"	19481.7580156313	-38953.5160312626	-38953.4864891651	-38925.4198641815	5	4.6e+09	-2.9e+07	-7.8e+09	1.52120300163285e-08	0.214993360415855	0.00185239614889143	0.00185239614889143	-1.25487356143366e-11	5.73296986174256e-05	-0.250794355270375	1145030.70044583
35	"OUMA"	29241.446777626	-58472.893555252	-58472.8640131545	-58444.7973881708	5	4.4e+10	3.4e+09	-7.7e+07	1.57671037776779e-08	0.229444474272017	0.00832538752879702	0.00832538752879702	-2.2434640805915e-11	0	-0.194893979969881	1395.72874749724
35	"OUMVA"	80740.2120968861	-161468.424193772	-161468.382814462	-161434.708793275	6	1200	370	170	0.000214844491515666	0.566075533161082	1.03377347012476e-09	1.77328479656573e-09	1.30944619405093e-16	66447.2079609455	-0.849685460298928	9.6001467324911e+19
36	"OUMA"	23942.442758105	-47874.8855162101	-47874.8559741126	-47846.7893491289	5	4.3e+10	1.5e+09	-7.5e+07	5.60294663477072e-09	0.244101374192554	0.00142539379814306	0.00142539379814306	1.50977647894641e-11	1.04128060009872e-07	1.83613802090692	9458.21144876076
36	"OUMVA"	81033.0084489995	-162054.016897999	-162053.975518689	-162020.301497502	6	1200	350	190	8.54866104846279e-05	0.281743835859575	1.20375222033879e-09	1.00039000633634e-09	6.64255076029865e-14	1.56541426043466e-11	2.02601096806431	497.500101879122
37	"OUMA"	31213.6553402044	-62417.3106804087	-62417.2811383112	-62389.2145133276	5	4.6e+10	3.6e+09	-8.2e+08	2.52461900340726e-09	0.242400228518408	0.00361906604984396	0.00361906604984396	-3.49064608908261e-12	0	-0.288140405536374	144990.908730455
37	"OUMVA"	74513.7179999239	-149015.435999848	-149015.394620537	-148981.72059935	6	6e+09	9.2e+08	2e+06	0.193660852663197	1.3827838543066	1.03864688646333e-09	1.05361887962702e-09	1.77829525257975e-20	9.96357486935708e+27	-0.849685460298928	4.62191798413618e+45
38	"OUMA"	28436.4744036152	-56862.9488072304	-56862.9192651329	-56834.8526401492	5	4.6e+10	3.8e+09	-4.1e+08	3.53757765544153e-09	0.240697598398749	0.00583408818321467	0.00583408818321467	3.7488193919279e-11	1.23923747693034e-08	2.18633366293084	722.97611850405
38	"OUMVA"	101880.929971742	-203749.859943483	-203749.818564173	-203716.144542986	6	1100	460	120	1.92489189083408	3.29002146114462	1.19018701875181e-09	1.01979944684874e-09	-1.75710835209154e-25	0	-0.849685460298928	1.15193444957758e+56
39	"OUMA"	28759.0407044285	-57508.081408857	-57508.0518667595	-57479.9852417758	5	3.9e+10	2.4e+09	1.5e+08	2.69199878615476e-09	0.224467828392678	0.00548231089621154	0.00548231089621154	565759.230121351	11078379630.0284	-0.315918108012331	8198.79954590764
39	"OUMVA"	58978.6737169006	-117945.347433801	-117945.306054491	-117911.632033304	6	1100	430	170	0.000980752731437968	0.445638001503667	1.25800510013045e-09	1e-09	-1.46108375485897e-15	0	-0.849685460298928	17829491713873002
4	"OUMA"	22490.8877568982	-44971.7755137964	-44971.745971699	-44943.6793467153	5	4.3e+10	1.9e+09	-420000	8.2817942289877e-09	0.243031305108742	0.00386604060885222	0.00386604060885222	63752984.9966	0	0.646962323470706	36147.2170558663
4	"OUMVA"	37593.9817360683	-75175.9634721367	-75175.9220928263	-75142.2480716393	6	1500	440	7.6	1.97782446848674e-07	0.243529108831134	1.10652153973432e-08	1.43209883401872e-08	11113025.3576521	390660729.13112	-0.574355436789478	61.6562348956299
40	"OUMA"	32296.2657264003	-64582.5314528006	-64582.5019107031	-64554.4352857195	5	4e+10	2900000	250000	3.325509054067e-09	0.233141446796372	0.00597986225144314	0.00597986225144314	5221996.14561132	0	-0.288948882458495	6286.06359335664
41	"OUMA"	23219.7706311744	-46429.5412623488	-46429.5117202514	-46401.4450952677	5	4e+10	3.8e+09	780000	4.34906025041366e-08	0.225690618353654	0.0158323440702112	0.0158323440702112	1414276.83891144	54695312.7249603	1.85943682605919	41.6360610934339
42	"OUMA"	23124.4842597798	-46238.9685195596	-46238.9389774621	-46210.8723524785	5	5.8e+08	720000	-4.4e+09	3.55749994212060e-09	0.244317766904778	1.00845420241826e-09	1.00845420241826e-09	3.19886822884473e-11	1.84002863332396e-09	2.32087304618225	2.68514901709763
42	"OUMVA"	51482.0283279008	-102952.056655802	-102952.015276491	-102918.341255304	6	1000	460	180	0.142611955264974	0.529845651203444	1.02844590448134e-09	1.00846141354235e-09	128226630.538995	0	-23.9683322440358	2786534.47490696
43	"OUMA"	26522.4170617006	-53034.8341234013	-53034.8045813038	-53006.7379563201	5	4.4e+10	2.1e+09	-590000	2.8077808328124e-07	0.24435751586571	0.00251055453212341	0.00251055453212341	2.59630313956931e-08	8.0721724583225e-07	2.93738700317425	91.8561984911046
44	"OUMA"	42704.9216082731	-85399.8432165463	-85399.8136744488	-85371.7470494651	5	4.2e+10	5.7e+08	-2.9e+07	1.16220351911202e-09	0.238574357599757	1e-09	1e-09	2.7764902729946e-11	4.49731009849495e-10	1.91780679907306	31.0644216397
44	"OUMVA"	58705.5711208542	-117399.142241708	-117399.100862398	-117365.426841211	6	1300	370	82	0.00928808163524862	0.275890803545039	1.11511729938707e-09	1.01277210344775e-09	1.08203173837342e-12	8.38647363027477e-11	1.9360748810855	150.087674973767
45	"OUMA"	62173.4505187673	-124336.901037535	-124336.871495437	-124308.804870453	5	2400000	2200000	7500	8.46013703152553e-05	0.334339881150188	1.00866224135257e-09	1.00866224135257e-09	1.19046745300047e-15	4.26373564075805e-12	1.83277501448302	11227.0581405209
46	"OUMA"	38313.2699313288	-76616.5398626576	-76616.5103205601	-76588.4436955765	5	4.5e+10	2.7e+08	3700000	3.52589060532889e-08	0.252042599744469	0.0108610905460771	0.0108610905460771	2628783.1135898	87786007696.0535	-1.08759496846523	22681.2925912669
46	"OUMVA"	60397.4629730436	-120782.925946087	-120782.884566777	-120749.21054559	6	1100	380	230	0.223005971134702	1.14153454401618	1.95600270025138	4.15399050365262e-08	9.52785709510685e-20	0	-0.849685460298928	8.00697896719067e+33
47	"OUMV"	-3454.43430801861	6918.86861603721	6918.8981581347	6946.96478311834	5	5.9e+09	8.9e+08	-5200	3.43227163159725	3.43227163159725	11.5990508198174	13.212015846436	2.17583281212947	0.0358959963437146	1.89306196182354	0.0534134774029338
47	"OUMVA"	31674.4232582801	-63336.8465165602	-63336.8051372498	-63303.1311160628	6	5.9e+09	8.9e+08	-5200	4.91700842860575e-08	0.164487078553863	3.50293766535869e-06	0.129270676571894	-433.210188033837	243.601792207908	1.89895745191324	0.0606082491479192
47	"OUMA"	45809.688108767	-91609.376217534	-91609.3466754365	-91581.2800504529	5	4e+10	6.2e+08	-2.2e+08	1.30470191353501e-09	0.230087264697809	1e-09	1e-09	-1.28815654015682e-11	2.14757012912218e-08	-0.270400585146653	450.816373504471
48	"OUMV"	-3455.55602873416	6921.11205746833	6921.14159956582	6949.20822454946	5	6.1e+09	9.5e+08	-1.3e+08	3.39923098626802	3.39923098626802	12.2433364053192	11.5596906313957	2.16355215935766	0.0369698561800444	1.88406566991367	0.0502988927019985
48	"OUMA"	25799.0945124663	-51588.1890249327	-51588.1594828352	-51560.0928578515	5	4e+10	2.5e+09	-2.4e+08	1.5160251321928e-09	0.229752193332522	0.00492541123231614	0.00492541123231614	-1.4406845816758e-10	0	-0.364457196438403	24495.0892543668
48	"OUMVA"	67526.7892962266	-135041.578592453	-135041.537213143	-135007.863191956	6	6.1e+09	9.5e+08	-1.3e+08	0.626906207832673	1.16652571044951	1.04290971365157e-09	1.00981090847978e-09	-1.53123057065276e-24	0.428749919262358	-0.849685460298928	30311521336787550208
49	"OUMA"	30595.9645226739	-61181.9290453478	-61181.8995032503	-61153.8328782666	5	4.9e+10	1.7e+09	-7.2e+07	1.18900382559815e-08	0.266065182729449	0.00141560878643752	0.00141560878643752	-2.31735076264963e-11	0.11668892067788	-0.849685460322102	4278367782.64576
49	"OUMVA"	32874.5059801684	-65737.0119603368	-65736.9705810264	-65703.2965598394	6	5.3e+09	6.7e+08	340	4.96721915604382e-08	0.169052130815288	4.79050571063706e-09	0.00231578277812754	-152.424519624972	9.17592434965219	2.73879502022677	0.0459717106331257
5	"OUMA"	23513.5700809828	-47017.1401619656	-47017.1106198681	-46989.0439948845	5	3.7e+10	1.8e+09	2e+07	1.89700595823799e-08	0.216236441798638	0.0020831663668397	0.0020831663668397	-1.87934708262706e-11	1.44510672759205e-05	-0.189931908011108	145104.711213232
5	"OUMVA"	57100.160074127	-114188.320148254	-114188.278768944	-114154.604747757	6	1000	410	220	0.00283865919490362	0.276701653763894	1.36743967802001e-09	1.00004627270695e-09	8.46128488522965e-12	7.80503092812023e-07	-0.197101477391284	5117.75127225506
50	"OUMA"	13253.1171668095	-26496.2343336189	-26496.2047915214	-26468.1381665378	5	3.5e+10	7600000	330000	4.33731191354349e-08	0.209290806597469	0.0222514417561123	0.0222514417561123	6734.72426429137	689830.085620014	1.66453758984986	4.72380803339246
50	"OUMVA"	50771.2422540711	-101530.484508142	-101530.443128832	-101496.769107645	6	1300	370	75	0.000130705398918554	0.417394631646739	2.30758686566008e-05	0.000316306291313972	-3.16500891297982e-16	0	-0.849685460298928	37131668025412520
51	"OUMA"	20478.8032954053	-40947.6065908106	-40947.5770487131	-40919.5104237295	5	4.1e+10	7700000	580000	3.19900261168092e-09	0.235653840010585	0.00292222114928524	0.00292222114928524	682334.292939256	192321557.314184	2.62962936549005	85.6959683877409
51	"OUMVA"	24889.4636756829	-49766.9273513659	-49766.8859720555	-49733.2119508685	6	960	420	190	1.33274344841229e-08	0.194269941480484	0.00012627647743291	0.114503203465401	5637.27426371834	353539.779937355	1.76019011561771	2.27262608832682
52	"OUMA"	22313.0773657194	-44616.1547314387	-44616.1251893412	-44588.0585643576	5	4e+10	1300000	-1.8e+07	1.19612102346142e-09	0.230330513197519	0.0011363822094378	0.0011363822094378	3579149.01406995	0	0.258135654557488	1268.56172640679
52	"OUMVA"	38484.9220086471	-76957.8440172941	-76957.8026379838	-76924.1286167968	6	1100	390	170	0.0690275132591188	0.357378434383794	0.0553267027501313	0.578903984186283	-1.21260158549152e-13	1.19269077090106	-0.84968546029905	8434572853794.9
53	"OUMA"	28767.3403390839	-57524.6806781677	-57524.6511360702	-57496.5845110866	5	4.4e+10	4e+09	-5.4e+08	8.10756626829847e-08	0.243325462584403	0.011052336037201	0.011052336037201	-2.10736008196439e-12	4.92740076904515e-05	-0.302943958810172	1306577.4137958
53	"OUMVA"	64128.6151246545	-128245.230249309	-128245.188869999	-128211.514848812	6	1200	370	110	0.305426412649855	1.1898486100112	1.10192474068949e-09	1.00413309089908e-09	2.18358628501788e-16	1.2439469448815e+20	-0.849685460298928	3.68222787779263e+35
54	"OUMVA"	-3692.38673028472	7396.77346056945	7396.81483987979	7430.48886106681	6	1300	480	-7.3	1.00179787215613e-09	0.0171564741986631	1.78848347792059	0.169746940457989	0.646364968001304	4.68321730920211	2.01214402758185	0.918515209058921
54	"OUMV"	-3470.27049748186	6950.54099496373	6950.57053706122	6978.63716204486	5	1300	480	-7.3	0.416778710413346	0.416778710413346	1.85258111448865	1.31381183528032	2.08113121197149	0.0474859764854627	1.8680007708956	0.0540698931530073
54	"OUMA"	23170.0545155059	-46330.1090310118	-46330.0794889143	-46302.0128639306	5	3.8e+10	2e+09	1.5e+08	3.3022170182957e-09	0.220517435244469	0.0033950549436357	0.0033950549436357	2.61734013174457e-07	1.37623621673105e-06	2.93741032380905	14.9301255077762
55	"OUMA"	21845.6640390891	-43681.3280781782	-43681.2985360807	-43653.231911097	5	2.3e+08	710000	-4e+09	1.89693236674125e-09	0.254808907487109	0.00245910736124784	0.00245910736124784	18247259.1751219	2689787044.37054	5.65958391672192	0
55	"OUMVA"	85986.4931499705	-171960.986299941	-171960.944920631	-171927.270899444	6	1200	360	180	0.000100696369763828	0.296587398158454	1.00585063879932e-09	1.01001868502863e-09	-7.15259861999117e-14	1.19008617590813e-05	-0.849685460299	140472027.743517
56	"OUMA"	23579.5692744496	-47149.1385488992	-47149.1090068017	-47121.0423818181	5	3.8e+10	1.4e+09	-2.5e+07	4.90808998602625e-09	0.237664791015025	0.00125694167482096	0.00125694167482096	552414.947249139	0	-0.300356623167526	3818.59464538625
56	"OUMVA"	49893.900199152	-99775.8003983039	-99775.7590189936	-99742.0849978066	6	1100	370	230	0.00255044008266392	0.315400104352602	1.09477228444061e-09	1.00024885196311e-09	-1.4414541254467e-14	2.86636787029522e-05	-0.849685460298943	1939217395.18772
57	"OUMA"	15564.8729220991	-31119.7458441983	-31119.7163021008	-31091.6496771171	5	4.1e+10	1.2e+09	-4e+07	6.39004825982863e-07	0.233619498793644	0.000668640754733486	0.000668640754733486	1832614.92310095	2672856109.45608	2.73996679990186	217.891791599282
57	"OUMVA"	27187.2339538292	-54362.4679076585	-54362.4265283481	-54328.7525071611	6	1000	440	170	0.37707431580417	1.0671721658097e-05	3.82596684594293e-07	1.06474948642838e-09	-0.168458481442301	88885.8016704004	-5.95071809697512e-20	3.11283623864522e-14
58	"OUMA"	28723.7812694176	-57437.5625388352	-57437.5329967377	-57409.4663717541	5	5e+10	2.4e+09	3.5e+08	2.99896683949028e-07	0.268849567828597	0.00384629100418436	0.00384629100418436	-3.77987771884329e-10	0	1.83265000320438	15777.3780918703
58	"OUMVA"	59442.4726938511	-118872.945387702	-118872.904008392	-118839.229987205	6	1000	400	200	0.00383938426031615	0.319616902252429	1.04758285439501e-09	1.47967582324001e-09	-1.34824605494713e-11	0	-0.292354909377887	25323.7487014329
59	"OUMA"	27039.8243553272	-54069.6487106544	-54069.6191685569	-54041.5525435732	5	4.5e+10	2e+09	-2.1e+08	2.19795982000397e-09	0.243082301427178	0.00117243355448718	0.00117243355448718	1.08495859377404e-11	7.89010361111301e-09	1.8163474805914	1321.17418220872
59	"OUMVA"	51908.3932757359	-103804.786551472	-103804.745172161	-103771.071150974	6	1400	440	5.5	0.00173057486478257	0.301334736826073	1.00211370165401e-09	1.00521467930358e-09	-1.475100464787e-14	1.75873681193739e-10	-0.301686977217622	1310.46380420831
6	"OUMA"	16723.9067392115	-33437.8134784231	-33437.7839363256	-33409.7173113419	5	3.9e+10	1.1e+09	-1.2e+09	1.1251308511017e-07	0.227468108554204	0.0810517834645063	0.0810517834645063	1.08112591216987	2.50081913239599	2.36748103082275	4.49072962849944
6	"OUMVA"	51951.1481154562	-103890.296230912	-103890.254851602	-103856.580830415	6	1000	420	210	0.0706573700076961	0.393346927019239	1.05047169798725e-09	1.06495941457255e-09	4.10747476831628e-16	7.85399300756801e-15	2.03829056853881	37.1292342838305
60	"OUMA"	27199.2188046348	-54388.4376092695	-54388.408067172	-54360.3414421884	5	3.7e+10	4.8e+08	-4.8e+08	2.13775438983188e-08	0.21734319025109	0.00429141763179252	0.00429141763179252	-32285.1445369977	56765778.7083664	-0.286101440643675	741.008253718459
61	"OUMA"	30975.5142514586	-61941.0285029171	-61940.9989608197	-61912.932335836	5	4.4e+10	2.3e+09	-6.1e+08	2.29594292377684e-09	0.239187344736352	0.000708769506719305	0.000708769506719305	71547410.5834566	2363567411.40094	-2.62636803706651	7871.55847840254
61	"OUMVA"	61908.4107707202	-123804.82154144	-123804.78016213	-123771.106140943	6	1000	410	190	0.0321408772020334	0.789899261447263	8.2037250866463	1.02655420263117e-09	2.81298254221634e-16	1502972470337561	-0.849685460298928	1.13154249137025e+30
62	"OUMA"	29734.7972388078	-59459.5944776155	-59459.564935518	-59431.4983105344	5	3.9e+10	4.1e+08	-4.5e+08	5.34626305435119e-08	0.22539609555473	0.00126569704777183	0.00126569704777183	413417.165701995	0	0.308202990521828	704.185334858774
62	"OUMVA"	62184.8458850471	-124357.691770094	-124357.650390784	-124323.976369597	6	1200	360	220	0.0311265440033881	0.362359831383469	1.42648119187022e-09	1.00348416788495e-09	-9.45811565910522e-16	0	-0.849685460298928	30479208922.1653
63	"OUMA"	20752.5678008393	-41495.1356016786	-41495.1060595811	-41467.0394345974	5	3.7e+10	5.6e+08	-8.5e+08	8.93805264155161e-07	0.22049927296422	0.00726413710057987	0.00726413710057987	1.46296262470796e-10	1.07183839228012e-08	1.20675711146232	88.413001735495
64	"OUMA"	39450.7271021153	-78891.4542042306	-78891.4246621331	-78863.3580371494	5	4.3e+10	-1.5e+07	-4.1e+07	2.13983662259918e-09	0.243909182334379	1e-09	1e-09	1.39520792437005e-11	4.23196001916714e-12	1.92402216032873	0.583586947323304
65	"OUMA"	25375.196132981	-50740.392265962	-50740.3627238645	-50712.2960988809	5	4.5e+10	2.9e+09	-6.8e+08	9.3689733106147e-08	0.24392580627561	0.00128205797713152	0.00128205797713152	3.18604702802781e-11	9.25853415965157e-08	2.03265007719794	428.834261311431
66	"OUMA"	22144.1270580035	-44278.254116007	-44278.2245739095	-44250.1579489259	5	4.4e+10	3.6e+09	-1.7e+08	4.90913581513729e-07	0.243725441763271	0.0138478046319445	0.0138478046319445	3.13755469748083e-11	3.11416829208379e-08	1.83307921169251	1819.42772218177
66	"OUMVA"	67942.9009879701	-135873.80197594	-135873.76059663	-135840.086575443	6	1100	520	130	0.588001592558868	1.16929405612247	1.12289368825812e-09	1.01831172229567e-09	-1.02386752517143e-16	3.29281404435733	-0.284512795833475	807277441335.797
67	"OUMA"	24622.1209723663	-49234.2419447327	-49234.2124026352	-49206.1457776515	5	4.4e+10	4.2e+09	-4.1e+08	3.33414752564659e-08	0.230651544267427	0.00951868475119263	0.00951868475119263	875900.760447507	0	-0.187572270698596	7207.77139274631
68	"OUMA"	31435.4291139432	-62860.8582278864	-62860.8286857889	-62832.7620608052	5	3.9e+10	3.7e+08	-3.9e+08	1e-09	0.228585028398267	0.00170809225201719	0.00170809225201719	-1091320.12955731	30329030.6333113	0.289833380066969	908.198441217213
68	"OUMVA"	57901.146943972	-115790.293887944	-115790.252508634	-115756.578487447	6	1200	460	140	0.0949258914453154	0.574647280682747	0.329313112321139	1.00708703023859e-09	9.43455378196228e-17	0	-0.849685460298928	837874694123021824
69	"OUMA"	25602.2819263972	-51194.5638527944	-51194.534310697	-51166.4676857133	5	3.7e+10	1.7e+08	-2.5e+08	1.08464416744746e-09	0.220584296788161	0.00328086755099216	0.00328086755099216	-1197593.10048961	217767983.584328	0.645140732260001	0
69	"OUMVA"	88043.3175403706	-176074.635080741	-176074.593701431	-176040.919680244	6	1100	480	140	1.54855404381534	2.69887174437367	1e-09	1e-09	1.52201832184067e-52	0	-0.849685460298928	1.33986462336439e+47
7	"OUMA"	19013.120275805	-38016.2405516099	-38016.2110095124	-37988.1443845288	5	3.6e+10	2.5e+08	-1.9e+08	1.01680280768923e-07	0.21499511614112	0.00141732978634903	0.00141732978634903	9.9071753907287e-09	7.09141347789012e-08	2.48428349102796	17.7822041346935
7	"OUMVA"	49343.0986507349	-98674.1973014699	-98674.1559221595	-98640.4819009725	6	1000	360	220	0.0119403765821772	0.373903726111839	1e-09	1.00842402681662e-09	-221932533.37558	15601649171076.4	-207.503107070765	19533200.5585749
70	"OUMA"	16027.4007374092	-32044.8014748185	-32044.771932721	-32016.7053077373	5	3.6e+10	-2.2e+07	-2.2e+08	9.44356528519302e-08	0.215336297888297	0.00258142267878418	0.00258142267878418	693963.536905269	540965123.731867	2.69289082387307	189.978441407159
70	"OUMVA"	47705.945360901	-95399.8907218019	-95399.8493424916	-95366.1753213045	6	1200	430	120	0.119724377979327	0.561036205705815	1.06803608263707e-09	1.00006528314722e-09	2.55043133984151e-08	0	-0.281719181759578	1207024851.57278
71	"OUMA"	21819.4289142875	-43628.857828575	-43628.8282864775	-43600.7616614939	5	4.5e+10	1.8e+09	140000	3.11839295371236e-08	0.244780150467846	0.00130910544745246	0.00130910544745246	2.04673949836028e-08	1.11389101264061e-06	3.0851743187797	167.903710097038
72	"OUMA"	25644.1965388608	-51278.3930777216	-51278.3635356241	-51250.2969106405	5	4e+10	-4.5e+07	-8.9e+09	2.31942201336648e-08	0.232414304645356	0.395016999304286	0.395016999304286	1.05608752097299	4.20846562841999	2.35046542875043	1.54281425346909
73	"OUMA"	22986.5656955467	-45963.1313910935	-45963.101848996	-45935.0352240124	5	4.1e+10	2.6e+09	-120000	1.2418256959431e-08	0.232914408199007	0.00555893688707123	0.00555893688707123	-3.16039053383111e-12	0	-0.268450241318013	454355.3240262
73	"OUMVA"	57694.9164971774	-115377.832994355	-115377.791615044	-115344.117593857	6	1100	460	150	0.106343852993748	0.411003781971112	2.84832021784376e-09	8.27670084326457e-06	-1.37449060913641e-17	0	-0.278040025949324	1841118.30230816
74	"OUMA"	35561.189201112	-71112.378402224	-71112.3488601265	-71084.2822351429	5	4.2e+10	4.2e+08	-3.4e+07	7.67625956896848e-09	0.237273867065154	1e-09	1e-09	2.19267277229518e-11	1.25726947646143e-12	1.92019263712285	0.110102746427282
75	"OUMA"	20568.0435664988	-41126.0871329976	-41126.0575909002	-41097.9909659165	5	3.7e+10	4.4e+08	-3.1e+11	3.00895925331706e-06	0.21521219392673	1.16673345612604	1.16673345612604	1.27088639148148	7.27200886464611	1.91014844639696	3.61368848247503
76	"OUMA"	26349.4837188943	-52688.9674377886	-52688.9378956911	-52660.8712707074	5	3.5e+10	2e+09	-3.7e+08	2.29057574625551e-08	0.206282528756965	0.00106078692802894	0.00106078692802894	5.71884671775718e-12	0	-0.273053603806293	4982.72221916837
76	"OUMVA"	73295.3184588638	-146578.636917728	-146578.595538417	-146544.92151723	6	1200	410	120	1.77883946107107	2.7091390523109	1.00110293331413e-09	1.04599221974342e-09	1.88668072342619e-16	0	-0.849685460298929	2.50421993747498e+36
77	"OUMV"	-3461.56057214683	6933.12114429365	6933.15068639114	6961.21731137479	5	6.2e+09	2e+09	-25000	3.43494166130138	3.43494166130138	12.2844872723757	12.3168472953975	2.17535697153255	0.0370115005826437	1.88779721667984	0.0518863610739787
77	"OUMA"	26241.8506775997	-52473.7013551994	-52473.671813102	-52445.6051881183	5	4.1e+10	2.7e+09	2.4e+08	6.24735469171454e-09	0.232289736550274	0.00642966846690221	0.00642966846690221	1.1288915799386e-10	2.69734415420983e-05	-0.286961819273689	21676.4141815454
77	"OUMVA"	67642.2626865995	-135272.525373199	-135272.483993889	-135238.809972702	6	6.2e+09	2e+09	-25000	0.556261682320666	1.12238396450915	1.00869255480019e-09	1e-09	-5.63449031848972e-26	0	-0.849685460298928	3.13096299476524e+20
78	"OUMA"	37826.0089882773	-75642.0179765546	-75641.9884344571	-75613.9218094735	5	4.4e+10	2.5e+09	-4.9e+08	6.41475434549768e-09	0.240962734132804	0.00103261254131323	0.00103261254131323	9.4594479097995e-12	1.64262622859541e-08	1.83269377817204	3182.41330430207
78	"OUMVA"	40186.4424691952	-80360.8849383904	-80360.8435590801	-80327.1695378931	6	1100	390	180	6.86366194233426e-08	0.154429313667435	3.03242975504569e-06	1.15944141502565	-1039.51679156035	42913.5188317068	1.9517240312222	3.1188837323463
79	"OUMVA"	76011.9530945086	-152011.906189017	-152011.864809707	-151978.19078852	6	990	440	160	0.000144860450350176	0.534001150908855	1.01012019861578e-09	1.00000855920527e-09	-1.83344791734208e-16	41.414803376418	-0.849685460298928	57047150078695928
79	"OUMA"	78956.734369101	-157903.468738202	-157903.439196105	-157875.372571121	5	1.1e+09	4.6e+07	28000	0.000126339668578019	0.556680699268504	1.00527502702785e-09	1.00527502702785e-09	-4.62403639330235e-18	0	-0.849685460298928	449474751452092672
8	"OUMA"	24795.444230906	-49580.8884618119	-49580.8589197145	-49552.7922947308	5	3.8e+10	4700000	-2.1e+08	1e-09	0.224118530173102	0.00231902935119034	0.00231902935119034	-1.13490359085291e-11	2.72762944596936e-05	-0.308438692780584	88202.0377367537
80	"OUMA"	26774.8226695063	-53539.6453390127	-53539.6157969152	-53511.5491719315	5	4.7e+10	2.4e+08	1300000	9.26262333280135e-08	0.258449000204438	0.00118982301933415	0.00118982301933415	148522.02447008	193825684.175689	-0.278235219987239	5021.99207079931
80	"OUMVA"	36409.9001985117	-72807.8003970234	-72807.7590177131	-72774.0849965261	6	1200	350	220	2.52075451146406e-09	0.155744303560936	1.00170050151547e-09	0.00217699901504105	-417.370643532175	26.6309077319378	2.55967539189701	0.0291133920532407
81	"OUMA"	26995.8109610725	-53981.6219221449	-53981.5923800474	-53953.5257550638	5	4.4e+10	2e+09	-4.5e+07	1.10079502263181e-09	0.239612017079727	0.0011244496562273	0.0011244496562273	-1.39543937204297e-11	0.0187903319454568	-0.849685460312895	1144097595.98167
82	"OUMVA"	-4494.22185992685	9000.44371985371	9000.48509916405	9034.15912035107	6	6.2e+09	8.9e+08	-5700	3.57671414434925e-09	0.0189132520394523	6.64049524337574	0.154359957102665	0.849725028071625	7.21726462359366	2.27395758866761	0.954767728646068
82	"OUM"	-3527.21547262773	7062.43094525545	7062.45063029482	7084.90787892036	4	7.3e+10	-2.5e+09	0	3.33385307641107	3.33385307641107	12.6665545734931	12.6665545734931	2.18261844556298	0.0380136260456269	1.89383983888312	0.0532547036702336
82	"OUMV"	-3523.69250264921	7057.38500529843	7057.41454739592	7085.48117237956	5	6.2e+09	8.9e+08	-5700	3.33349324171358	3.33349324171358	13.4002189544782	11.2137332473303	2.1826172559181	0.0391011977754251	1.89388388400418	0.0501104163037201
82	"OUMA"	88612.7481591927	-177215.496318385	-177215.466776288	-177187.400151304	5	2.2e+09	130000	-9.4e+11	0.000152111418128204	0.914191164096293	1.00004658829786e-09	1.00004658829786e-09	-1.54168157805561e-16	11609024694489075712	-0.849685460298928	1.60411573177112e+34
83	"OUMA"	16117.5678320934	-32225.1356641868	-32225.1061220893	-32197.0394971056	5	3.6e+10	5e+08	-3.1e+08	5.82770680513953e-09	0.213749021710587	0.00194408364233937	0.00194408364233937	10171148.7612055	111669675.18021	0.793795431274458	22.9854344975023
83	"OUMVA"	75615.7945461824	-151219.589092365	-151219.547713054	-151185.873691867	6	1100	440	190	6.06934961773827e-05	0.263314535349158	1.11820326754449e-09	1.46869301758148e-08	3.3271724319642e-08	4.43649578568535e-08	2.99296309772133	3.99085661130659
84	"OUMVA"	79285.1604886401	-158558.32097728	-158558.27959797	-158524.605576783	6	1200	460	150	0.000106783524829792	0.539734183661063	1.21993430536277e-09	1.00461416059147e-09	-6.63104038045115e-17	84.489609839165	-0.849685460298928	108489429830734896
84	"OUMA"	82912.4708021242	-165814.941604248	-165814.912062151	-165786.845437167	5	2.4e+09	1.9e+09	-2.1e+09	8.77344415783831e-05	0.356991580376913	1e-09	1e-09	-8.11520257605443e-17	0	-0.849685460298928	6707197674.27442
85	"OUMA"	56357.5912040272	-112705.182408054	-112705.152865957	-112677.086240973	5	4.9e+08	4.9e+07	-87000	0.192761282331222	0.57822529678358	1.05164094289252e-09	1.05164094289252e-09	-2.58987441787795e-13	0	1.66905393516397	4.20958136360899
85	"OUMVA"	90631.0760643511	-181250.152128702	-181250.110749392	-181216.436728205	6	1300	510	68	2.0339037057973	3.37988120300417	1.05183022758078e-09	1.00390412406691e-09	8.49006325541785e-17	0	-0.849685460298928	6.40177761757891e+32
86	"OUMA"	26591.0635409234	-53172.1270818468	-53172.0975397493	-53144.0309147657	5	4.5e+10	1.6e+09	1.6e+08	8.52922282099587e-09	0.250488408681794	0.00193018110546324	0.00193018110546324	-1.63496332855862e-12	0	-0.281293865363639	361112.901327159
86	"OUMVA"	57121.6409255876	-114231.281851175	-114231.240471865	-114197.566450678	6	1500	450	3.9	0.0160325806427107	0.327449844954895	1.00405834674028e-09	1.02931595258366e-09	-14090206.6897715	0	-0.249229795392982	13116.7971533323
87	"OUMA"	34279.122722337	-68548.2454446741	-68548.2159025766	-68520.1492775929	5	5e+10	2.8e+09	-5.9e+08	4.56616815134608e-08	0.261026898701835	0.00139636168408437	0.00139636168408437	2.18295549306355e-11	4.37402599499518e-07	1.75069309251815	35078.8811358369
87	"OUMVA"	63350.8578555495	-126689.715711099	-126689.674331789	-126656.000310602	6	1000	370	200	0.0305838217059452	0.37005091988945	1.34559030607442e-09	1.02661934848671e-09	9.88203176161048e-16	1.98233614654748e-12	2.24669166777727	4485.29285269025
88	"OUMVA"	79769.1962017566	-159526.392403513	-159526.351024203	-159492.677003016	6	1100	410	210	0.000219073503956646	0.655147125348312	1.03137500235628e-09	1e-09	-5.44711131956703e-16	2919931353.15589	-0.849685460298928	1.46257949682976e+24
88	"OUMA"	89964.6784153297	-179919.356830659	-179919.327288562	-179891.260663578	5	2e+09	4400000	-5.7e+09	8.24175701049484e-05	0.312019508886957	1.00100320379455e-09	1.00100320379455e-09	-1798746.60803639	166421889.82121	0.671056105111742	3238.12856723045
89	"OUMA"	28518.3586846227	-57026.7173692455	-57026.687827148	-56998.6212021643	5	3.5e+10	2.5e+09	-6.9e+07	5.15589552037491e-07	0.204715505445624	0.00387154686603147	0.00387154686603147	1.00249302418803e-09	5.29989451929544e-07	1.92801462449237	1019.00601816766
9	"OUMA"	34864.3036901111	-69718.6073802222	-69718.5778381247	-69690.511213141	5	4e+10	3.1e+08	-8800000	1.02452615199929e-09	0.233736004635999	1.40578811557661e-09	1.40578811557661e-09	-2.08844696855852e-11	5.10416694906127e-05	-0.849685460319811	2076193.87405656
90	"OUMA"	29828.9724844056	-59647.9449688113	-59647.9154267138	-59619.8488017301	5	4e+10	2400000	130000	1.6936807176297e-09	0.231021600254279	0.00640395963723911	0.00640395963723911	1462653.9837213	3284063814.27151	-0.34581028498119	6810.26588534304
90	"OUMVA"	47850.2974402663	-95688.5948805326	-95688.5535012223	-95654.8794800353	6	1300	370	170	0.067582753473158	0.389572372145023	0.25619202642357	1.98971063577606	-7.9210592307923e-15	4.18842688369181	-0.849685460298936	727793709205880
91	"OUMA"	28923.9827918434	-57837.9655836869	-57837.9360415894	-57809.8694166057	5	3.9e+10	2.3e+09	-3.4e+08	1.58519541158811e-09	0.224946201780743	0.00259219012388223	0.00259219012388223	-10733782.1345315	130876863038.314	-0.0243441542515638	4994.99313146094
91	"OUMVA"	68889.4977188585	-137766.995437717	-137766.954058407	-137733.28003722	6	1200	450	120	0.000586664482056851	0.509416929216795	1.0547837976467e-09	1.00039445439511e-09	-1.38737875299429e-16	5716.00858774317	-0.849685460298928	5391672279231262720
92	"OUMVA"	49299.8974602293	-98587.7949204587	-98587.7535411483	-98554.0795199613	6	1100	370	200	0.0385050058006462	0.403735671410729	1.01520911820867e-09	1.00400495745885e-09	2.96180659932354e-17	0	-0.219261304687974	2093736.25747375
92	"OUMA"	76130.8694265779	-152251.738853156	-152251.709311058	-152223.642686075	5	2e+09	1.2e+08	81000	7.40860515725887e-05	0.336769385007696	1.03570118520537e-09	1.03570118520537e-09	5.59399766941507e-17	0	-0.210797206695731	319946.190911847
93	"OUMA"	22699.7193376204	-45389.4386752409	-45389.4091331434	-45361.3425081597	5	4.3e+10	2.3e+09	1.7e+07	3.59006174521464e-09	0.241025695377869	0.00450127331018764	0.00450127331018764	9.03592802955007e-08	6.08335633479067e-06	2.93690397811316	197.724387025002
93	"OUMVA"	56047.2968011346	-112082.593602269	-112082.552222959	-112048.878201772	6	1200	470	57	0.0159958100156412	0.293522399635395	1.00500611510109e-09	1.05052527063483e-09	3.60926366757585e-10	4.48961367563746e-09	2.19153755857742	28.5830438108186
94	"OUMVA"	-4202.91843239424	8417.83686478847	8417.87824409882	8451.55226528583	6	6.1e+09	8.4e+08	680	1.64534786975818e-09	0.00174689453762114	0.297901953068659	3.166752308172	1.23447242582746	3.43408250762783	4.81925621895259	30.4506309178008
94	"OUMA"	25079.488545449	-50148.9770908981	-50148.9475488006	-50120.8809238169	5	3.6e+10	4e+06	-2.1e+07	7.77679345749298e-09	0.214897410136875	0.0373353640422645	0.0373353640422645	3.98920667913093e-10	1.04166165901685e-08	2.68951356097247	70.3803576101899
95	"OUMV"	-3517.86017056349	7045.72034112698	7045.74988322447	7073.81650820812	5	5.8e+09	8.6e+08	-5400	3.49108886616555	3.49108886616555	13.8354753989918	11.8466548282411	2.16684114043447	0.0388465664348124	1.88817982976535	0.0502685665542927
95	"OUMVA"	30712.7903125926	-61413.5806251853	-61413.5392458749	-61379.8652246879	6	5.8e+09	8.6e+08	-5400	4.15267213052867e-09	0.323577742324235	1.31014052379596	0.00158320107434932	5.01765266265661e-14	0	-0.284485671254897	156495140.306851
95	"OUMA"	34269.1215779014	-68528.2431558028	-68528.2136137053	-68500.1469887217	5	5.4e+10	3e+09	-7.5e+08	1.28443021794583e-09	0.27636314466634	0.00177628615568911	0.00177628615568911	-1.84057695300843e-13	6.38951296121397e-06	-0.284442069519125	6468933.41025493
96	"OUMA"	19615.0897842374	-39220.1795684747	-39220.1500263772	-39192.0834013936	5	4.5e+10	1.9e+09	-9.5e+07	1.16442562665522e-08	0.246031152315494	0.000840170793519572	0.000840170793519572	1.75652943351321e-11	2.73924568746888e-08	1.44662215463939	2256.24458590846
96	"OUMVA"	55432.6365582805	-110853.273116561	-110853.231737251	-110819.557716064	6	6e+09	9e+08	1900000	0.0156024775068475	0.302220923245271	1.00908366640885e-09	1.01930808629729e-09	6.72830561399152e-14	1.45837974026073e-12	1.14208843810803	22.4013925901871
97	"OUM"	-3428.49533249858	6864.99066499717	6865.01035003654	6887.46759866208	4	6e+09	-1.3e+08	0	3.28457746097057	3.28457746097057	11.3746186138957	11.3746186138957	2.16019444415021	0.0364340531655775	1.89103587991551	0.0509972352405527
97	"OUMA"	27186.7121923165	-54363.4243846331	-54363.3948425356	-54335.3282175519	5	3.9e+10	3e+09	-7.7e+07	1.27182074982304e-08	0.223703767633062	0.00653912505659167	0.00653912505659167	-2.08178307346402e-09	0	-0.349601216561551	25933.7825990499
97	"OUMVA"	27328.4029853017	-54644.8059706035	-54644.7645912931	-54611.0905701061	6	1500	440	8.4	1.0633360172495e-07	0.136703607812861	7.68647628179261e-08	0.071440391227546	-778.678428698808	531.835019931717	2.07318526883521	0.0699693259934642
98	"OUMA"	27744.9260505853	-55479.8521011706	-55479.8225590731	-55451.7559340894	5	4.4e+10	2.4e+09	-6.3e+07	8.08601240326555e-09	0.238648523699524	0.00152211186323037	0.00152211186323037	-1.33606833940071e-10	0	-0.316087327535911	51416.7293619036
98	"OUMVA"	106253.47606756	-212494.95213512	-212494.910755809	-212461.236734622	6	1500	440	5.7	1.52879073569666	3.37766232513594	1.19049509770606e-09	1.00000625230227e-09	6.44513743264399e-22	2.37347347691271e+60	-0.849685460298928	5.78332065491594e+78
99	"OUMA"	44047.1071150422	-88084.2142300845	-88084.184687987	-88056.1180630033	5	4.6e+10	2.4e+08	-6.2e+07	3.15105768537423e-09	0.25470188187263	1e-09	1e-09	-6.30254406134939e-13	1.50274286584208e-09	-0.253812382214495	7439.55844013775
