"id"	"model"	"loglik"	"AIC"	"AICc"	"BIC"	"param.count"	"eigval1"	"eigval2"	"eigval3"	"0_alpha"	"1_alpha"	"sigma0"	"1_sigma.sq"	"theta0"	"theta_se0"	"theta_1"	"theta_se_1"
1	"OUMA"	84209.7547744569	-168409.509548914	-168409.480006816	-168381.413381833	5	2.1e+09	2e+08	36000	0.674657349621131	0.000118831202337582	1e-09	1e-09	3.18494462103107	5028988436.08629	8.07743470192599e-33	1.27541865659857e-23
10	"OUMA"	72744.2393541193	-145478.478708239	-145478.449166141	-145450.382541158	5	1.3e+10	2.6e+09	30000	0.961377846686189	0.000250212105180259	1e-09	1e-09	2.75094500422474	1.57381203757076e+24	3.6377142533553e-46	2.07954409453266e-22
100	"OUMV"	-3514.80375228343	7039.60750456685	7039.63704666434	7067.70367164799	5	6.2e+09	9e+08	-5300	3.33607443643336	3.33607443643336	13.1289256642253	11.8374913481857	2.04462108486896	0.0433629473639779	2.11464959162499	0.0434580523829872
100	"OUMVA"	18648.9230210568	-37285.8460421136	-37285.8046628032	-37252.1306416162	6	6.2e+09	9e+08	-5300	0.164735383818165	1.89605411296324e-09	0.628997648647762	3.47263812653832e-06	1.82482326349632	0.0700489874763471	9.79928661031148e-12	3.76162513018821e-13
100	"OUMA"	69634.1811802615	-139258.362360523	-139258.332818425	-139230.266193442	5	3.3e+10	5.5e+09	150000	1.21023088334393	0.201470420335419	1.00218015136174e-09	1.00218015136174e-09	0.7101441917644	6.17873238784574e+28	1.07808244482947e-47	9.38004280804667e-19
11	"OUMA"	95963.7167263575	-191917.433452715	-191917.403910618	-191889.337285634	5	3.9e+09	3.7e+07	10000	3.06772295342956	0.852701633043171	1.01690615668831e-09	1.01690615668831e-09	0.36578707247268	7.53215556181227e+61	2.79163355822087e-105	5.74843120888764e-43
12	"OUMA"	56705.2286770286	-113400.457354057	-113400.42781196	-113372.361186976	5	3.4e+11	11000	-9.9e+09	1.65765097389884	0.181272389396003	1.93049029741231e-09	1.93049029741231e-09	0.468610944221512	6.97022216282627e+37	7.41684044068504e-69	1.10319714483436e-30
13	"OUMA"	62408.3640538752	-124806.72810775	-124806.698565653	-124778.631940669	5	1.8e+10	1.1e+09	-1.8e+10	1.14546515987632	0.000178961186489415	1.08563322886072e-09	1.08563322886072e-09	1.89854979896587	5.71162055375443e+34	5.87909766794172e-55	0
13	"OUMVA"	70176.6159496964	-140341.231899393	-140341.190520082	-140307.516498895	6	1000	500	190	0.521600997488501	9.22357070886832e-05	1.05166018161506e-09	1e-09	0.521334988901814	512476233.371276	3.07013792794239e-27	3.01772801613435e-18
14	"OUMA"	65397.3755078341	-130784.751015668	-130784.721473571	-130756.654848587	5	4.8e+09	1.1e+09	55000	1.08033941956073	0.000228091449346942	2.03980802159877e-09	2.03980802159877e-09	2.30377132578493	4.59738908353884e+29	1.82032955498893e-51	3.69410112050302e-22
15	"OUMA"	63003.1332207601	-125996.26644152	-125996.236899423	-125968.170274439	5	1.3e+08	4.5e+07	2900	2.67208735072025	0.483690178026743	1.01742044173581e-09	1.01742044173581e-09	0.965702657426419	1.10728099495413e+64	1.37945313188272e-100	1.57860775635229e-36
16	"OUMA"	86563.8481309799	-173117.69626196	-173117.666719862	-173089.600094879	5	4.4e+09	2.5e+09	10000	0.959326834290179	0.000197077245756541	1e-09	1e-09	2.27637378079851	3.62287350512551e+21	3.59256275877266e-46	5.71760250625121e-25
17	"OUMV"	-3463.15624153041	6936.31248306081	6936.3420251583	6964.40865014195	5	6.1e+09	9.5e+08	-1.3e+08	3.36811529595659	3.36811529595659	11.7745547221926	12.3821654468552	2.0444006852692	0.0407346744803575	2.09876604493743	0.0445822295277532
17	"OUMVA"	80569.6154076174	-161127.230815235	-161127.189435924	-161093.515414737	6	6.1e+09	9.5e+08	-1.3e+08	0.80649080151279	0.000103245774377283	1.04682163502264e-09	1.01874847388492e-09	1.60506949734196	24245828503999488000	1.58328586435787e-39	2.39979610364403e-20
17	"OUMA"	82385.8453234035	-164761.690646807	-164761.66110471	-164733.594479726	5	8.6e+08	1.6e+08	120000	0.507381204633576	7.33974885419269e-05	1.05354619269186e-09	1.05354619269186e-09	2.59053593995506	13290573.3779937	7.79482977358667e-20	3.99908589049123e-13
18	"OUMA"	58129.4740084129	-116248.948016826	-116248.918474728	-116220.851849745	5	3.2e+09	1100000	31000	1.07775432625062	0.000605700958273626	1e-09	1e-09	3.25427647593804	1.19610427860011e+29	1.2250218377255e-49	4.50619393026276e-21
19	"OUMA"	62954.4694790146	-125898.938958029	-125898.909415932	-125870.842790948	5	4.6e+10	2300	-3.8e+10	1.88651953057692	0.150622964408586	1.00002763944597e-09	1.00002763944597e-09	2.38153815746035	3.99284263426369e+47	1.51089244832423e-80	0
2	"OUMVA"	56218.743255051	-112425.486510102	-112425.445130792	-112391.771109605	6	1000	500	180	0.686792815257338	0.0263472296670944	1.00355979435813e-09	1.0155506115728e-09	0.769913447277409	43682202196.1799	1.03756910003436e-31	5.8868049857639e-21
2	"OUMA"	86670.8942766411	-173331.788553282	-173331.759011185	-173303.692386201	5	9.6e+07	2000	-5.8e+08	3.25594192644413	1.79165187976846	1.10005938760507e-09	1.10005938760507e-09	0.191067620116146	7.40505325955517e+35	3.49241606417602e-74	1.3535274550403e-37
20	"OUMA"	74819.9968402631	-149629.993680526	-149629.964138429	-149601.897513445	5	5e+09	16000	-2.5e+10	2.36367677665642	0.455399812083738	1.00065942877411e-09	1.00065942877411e-09	2.27256189697135	1.28558233244369e+51	-3.13645647363393e-46	182120.52279363
21	"OUMVA"	60233.4166422441	-120454.833284488	-120454.791905178	-120421.117883991	6	1100	500	150	0.302090597559636	5.68066214599843e-05	0.0628589282081839	1.00457578249865e-09	0.756208607137037	28585.3677474763	-4.20448065680325e-16	0
21	"OUMA"	66103.8300507241	-132197.660101448	-132197.630559351	-132169.563934367	5	2.5e+09	1.2e+09	16000	0.904779898409103	0.000242760023797301	1e-09	1e-09	3.25576717119985	1.90492030506568e+25	8.39338599569063e-45	4.91089669955588e-20
22	"OUMV"	-3479.56717197724	6969.13434395448	6969.16388605197	6997.23051103562	5	5.7e+09	9.1e+08	-1.2e+08	3.52981317857255	3.52981317857255	12.884544167497	12.6210457235495	2.04715163554272	0.0416953417037471	2.10694310706263	0.0437119507528059
22	"OUMA"	21691.2715724454	-43372.5431448907	-43372.5136027932	-43344.4469778096	5	6.7e+10	1.8e+10	-1.9e+08	0.289524355021844	4.95782290171312e-07	0.163772828491143	0.163772828491143	3.25438274865038	2456.89313252203	1.74018167305412e-17	1.33150315949327e-14
22	"OUMVA"	82297.0722062225	-164582.144412445	-164582.103033135	-164548.429011948	6	5.7e+09	9.1e+08	-1.2e+08	0.588047648726958	7.47516831066683e-05	1.05965616417005e-09	1.80927058434468e-09	0.768648671381043	1113846027834801	1.01067153068423e-28	1.46456048362866e-13
23	"OUMVA"	79939.4040401669	-159866.808080334	-159866.766701023	-159833.092679836	6	970	500	190	2.71003479522807	1.03173293336109	1.01319120539793e-09	1.00123078066765e-09	3.46965955625798	6.76348352017708e+41	2.39148852331215e-76	8.58720037864381e-34
23	"OUMA"	82854.0327955736	-165698.065591147	-165698.03604905	-165669.969424066	5	1.1e+09	9.1e+08	110000	0.726948571207062	0.000140618397888287	1.01277599722239e-09	1.01277599722239e-09	2.0480223631331	332577037978.707	8.54387225414649e-35	1.38703876739596e-23
24	"OUMVA"	-3336.82926242452	6685.65852484904	6685.69990415939	6719.3739253464	6	1100	510	140	0.0178892033918909	1.05770662854937e-08	0.234876698333377	1.26953800761198	1.62197316344186	0.513956662064111	-2171990.26514489	4167346.67728083
24	"OUMA"	83354.0804681984	-166698.160936397	-166698.131394299	-166670.064769316	5	3.4e+07	7900	-3.7e+10	2.59406134041929	0.634681666446053	1.07308058748586e-09	1.07308058748586e-09	0.769905955856216	3.29834050692827e+52	1.11169964931889e-94	4.76260583863134e-42
25	"OUMA"	54768.3061020033	-109526.612204007	-109526.582661909	-109498.516036926	5	5.5e+09	2.7e+09	45000	0.930115464984971	0.000287392456334448	1.05525276937182e-09	1.05525276937182e-09	0.16863141649382	1.11173178208595e+31	1.95672793803793e-45	1.29000673945712e-13
25	"OUMVA"	57596.6035578761	-115181.207115752	-115181.165736442	-115147.491715255	6	1300	500	25	2.36926451617905	0.000819205529656657	1e-09	1.74597194536928e-09	0.163819024768545	2.49160800046814e+86	1.64104359359942e-110	2.49594834492019e-23
26	"OUMA"	63110.819599169	-126211.639198338	-126211.609656241	-126183.543031257	5	5e+08	6300000	5000	1.24214066788637	0.149989218320783	1.03002833851527e-09	1.03002833851527e-09	0.769913991056103	6.61958012609903e+23	1.32300644494969e-52	1.13749690593583e-28
26	"OUMVA"	90233.0329089407	-180454.065817881	-180454.024438571	-180420.350417384	6	1100	500	160	3.21540034291543	0.83207524482787	1.07022060583165e-09	1.05235409422731e-07	0.00531676295997227	8.4822132106929e+64	1.53155128427404e-115	2.44339360310621e-48
27	"OUMVA"	65523.8747786041	-131035.749557208	-131035.708177898	-131002.034156711	6	1000	500	160	1.99571840221686	0.241729463408776	1.28356400311943e-09	30.4469009254835	0.543569646452842	2.30806779764388e+51	1.15452007817473e-79	4.90224322045468e-28
27	"OUMA"	97133.140555045	-194256.28111009	-194256.251567992	-194228.184943009	5	6.2e+09	4.5e+09	7100	3.42475589203937	1.14480939306513	1.03899707693245e-09	1.03899707693245e-09	0.648619241084717	1.16079980932958e+68	1.08031999891851e-103	1.93339199537521e-35
28	"OUMA"	74540.0282102162	-149070.056420432	-149070.026878335	-149041.960253351	5	2.1e+09	1.3e+09	36000	0.887319654893881	0.000257162744667113	1.18769119168072e-09	1.18769119168072e-09	2.8668043932644	1556845701181216	5.60200028943744e-43	3.04221998358955e-28
28	"OUMVA"	82127.6330238215	-164243.266047643	-164243.224668333	-164209.550647146	6	960	480	220	0.783857697535516	0.000119914551214524	1.17189125180156e-09	0.000154234252987154	3.19652358662266	668799966078.08	2.06644045223754e-38	4.32355734880253e-27
29	"OUMA"	63467.5859240357	-126925.171848071	-126925.142305974	-126897.07568099	5	1.6e+09	4200000	-190000	0.376607647451478	3.58088317370189e-05	1e-09	1e-09	0.769899314452014	56870.0582891279	1.95380558874223e-20	1.44321517933135e-15
29	"OUMVA"	68047.0539322709	-136082.107864542	-136082.066485231	-136048.392464044	6	980	450	220	1.15087857564002	0.000131744789041616	1.00139282468608e-09	1.02299249743293e-09	0.162886823134038	6.65847042175869e+37	2.00181991741802e-55	8.18301840096722e-17
3	"OUMA"	76895.4404595651	-153780.88091913	-153780.851377033	-153752.784752049	5	7e+07	47000	-1.9e+08	0.499382548292585	0.000129163894967449	1.01199839474685e-09	1.01199839474685e-09	0.725659874384835	5422.22398297384	2.16902815432426e-22	1.62073371201919e-18
3	"OUMVA"	77291.7074771854	-154571.414954371	-154571.373575061	-154537.699553873	6	920	500	180	0.815464705505814	0.000117415696936966	0.000297509460646962	1.10017007458435e-09	3.03645366813585	5468147750631385	1.24189467378315e-38	2.23644562850323e-23
30	"OUMV"	-3523.09450933783	7056.18901867567	7056.21856077316	7084.2851857568	5	6.1e+09	8.8e+08	-5300	3.35813881738731	3.35813881738731	13.476817390087	11.8773884511752	2.05261595698455	0.0437892604774047	2.10437757747845	0.0436866922713136
30	"OUMVA"	-3304.40363433406	6620.80726866812	6620.84864797847	6654.52266916549	6	6.1e+09	8.8e+08	-5300	0.248648579206499	0.226572947236608	0.848300202019503	9.11432117399148	2.01731857555367	0.0555368022493958	2.56380434521114	0.0556646738817466
31	"OUMA"	77016.2228166964	-154022.445633393	-154022.416091295	-153994.349466312	5	1e+09	1.2e+08	41000	1.59337198592032	0.000142729136508577	1.10924218919284e-09	1.10924218919284e-09	2.28668026612945	2.78893551494196e+42	9.9911396321976e-74	1.21856294590472e-31
32	"OUMA"	89306.3977508974	-178602.795501795	-178602.765959697	-178574.699334714	5	8.5e+09	170000	-8.7e+08	0.906039798058374	0.000172607794114763	1e-09	1e-09	2.05242728482325	2297521644157962	2.13947788375387e-43	2.39496756027542e-28
33	"OUMA"	73411.285186289	-146812.570372578	-146812.540830481	-146784.474205497	5	4.1e+10	2.7e+07	66000	0.956580667202761	0.108481114678761	1e-09	1e-09	0.697088066841168	548997804779387456	1.46370060740374e-40	1.15274818554684e-22
34	"OUMVA"	80066.2550804078	-160120.510160816	-160120.468781505	-160086.794760318	6	1000	510	160	0.565066923630727	8.98041524327058e-05	1.04302736923491e-09	9.29908722977631e-06	3.22437225636177	30138.6688740551	1.53879115099787e-29	1.63398123140347e-25
34	"OUMA"	88862.8977975554	-177715.795595111	-177715.766053013	-177687.69942803	5	2.2e+09	5.4e+08	24000	0.859987134267418	0.000120287623992746	1e-09	1e-09	-0.202314474418743	70146191846018.3	-7.60368074746091e-45	2.63633756228609e-30
35	"OUMVA"	71193.4391217995	-142374.878243599	-142374.836864289	-142341.162843102	6	1000	510	160	1.57867244855306	0.408644518199262	1.43933062361154e-09	0.000558804139407903	2.35286665053173	1.78328669347344e+24	2.25773827544505e-54	1.71118691449723e-30
37	"OUMV"	-3491.01466596421	6992.02933192842	6992.05887402591	7020.12549900956	5	5.6e+09	1900000	-1.2e+08	3.41113490060389	3.41113490060389	12.763117595583	12.1235789882624	2.04509927790216	0.042268980431662	2.10191207015338	0.0436301670609989
37	"OUMVA"	64908.2988897273	-129804.597779455	-129804.556400144	-129770.882378957	6	5.6e+09	1900000	-1.2e+08	0.677259844506282	0.0200201038107896	1.03313748802273e-09	5.5193162637325e-09	3.13313801557651	1462391952.46768	6.93238036202929e-30	3.23568831919202e-21
37	"OUMA"	101965.947343129	-203921.894686258	-203921.86514416	-203893.798519177	5	7.6e+09	2e+09	2e+05	0.883770721985262	8.63285885798444e-05	1.00028803644016e-09	1.00028803644016e-09	1.9063350267736	3563034244794567	1.96234556321919e-41	3.66772070157653e-26
38	"OUMVA"	-3431.19686724578	6874.39373449156	6874.43511380191	6908.10913498892	6	1000	520	110	0.0143286478544521	1.60162341890841e-09	0.27981192905496	0.879315763901296	1.40063941860076	0.759203391570636	-5095599.26427937	23561407.655775
38	"OUMA"	29319.2134963093	-58628.4269926186	-58628.3974505211	-58600.3308255374	5	4.3e+10	8.5e+08	-2.2e+08	0.242547761540969	1.56074073153316e-07	1.57510987268217e-07	1.57510987268217e-07	3.03018393570979	0.019016783101871	1.24833211560954e-15	4.45423199503431e-18
39	"OUMA"	60092.9458050551	-120175.89161011	-120175.862068013	-120147.795443029	5	2.1e+12	2.8e+09	36000	0.808896583704704	0.00694983141145573	1.00819504009343e-09	1.00819504009343e-09	3.03106613954593	4389780293042860	9.07489273554692e-39	0
4	"OUMVA"	73030.130025328	-146048.260050656	-146048.218671346	-146014.544650159	6	1500	510	6.2	1.58414478833974	0.400212815863585	1.01686911352315e-09	1.03730602700635e-09	0.214905321025772	6.92327605276407e+23	2.29459140061014e-55	7.39213418209391e-31
4	"OUMA"	81526.6456827725	-163043.291365545	-163043.261823447	-163015.195198464	5	5e+07	26000	-9.2e+07	0.605989065123398	0.00012530087850916	1.00002470176962e-09	1.00002470176962e-09	3.5560233546481	986691.173016461	1.48807945103998e-29	4.12898048988429e-24
40	"OUMVA"	79969.039591268	-159926.079182536	-159926.037803226	-159892.363782039	6	950	500	170	0.715793341920402	0.000191577532662616	1.1014644033627e-09	6.66106272181256e-06	0.04560197189192	1555604090059.82	2.24844091677489e-38	7.670027723105e-25
40	"OUMA"	99202.2609163074	-198394.521832615	-198394.492290517	-198366.425665534	5	1.4e+11	1.4e+08	46000	2.8455932460058	1.02439078356363	1.0015019981815e-09	1.0015019981815e-09	1.20408671837607	2.8343163897634e+38	7.73324455941913e-92	1.82034831066705e-53
41	"OUMA"	73624.0131853257	-147238.026370651	-147237.996828554	-147209.93020357	5	2e+11	8600	-4.8e+08	1.80128834889879	0.518256217236872	1.0035749912406e-09	1.0035749912406e-09	0.769853162867147	8.4932952626092e+25	1.43717845952401e-59	1.58554665103125e-33
41	"OUMVA"	74619.7293449747	-149227.458689949	-149227.417310639	-149193.743289452	6	950	500	200	0.958928358610137	0.00013122449963441	0.0436070866079362	1.06858638934223e-09	2.71997117725162	1.51025696171861e+20	5.97821661519277e-44	3.31938928257684e-24
42	"OUMVA"	41709.6049493668	-83407.2098987335	-83407.1685194232	-83373.4944982362	6	990	490	200	0.242251395146517	2.50840931457032e-05	0.104944313759956	1.13082641568108e-09	3.14334661440763	13.0773417609578	-1.5154275393376e-11	5.62633738576423e-10
42	"OUMA"	68234.9623614851	-136459.92472297	-136459.895180873	-136431.828555889	5	1.1e+11	1.3e+09	110000	0.972847629675086	0.000256549836651899	1.1618971456631e-09	1.1618971456631e-09	2.25890668709094	2.72679348680318e+23	2.95040515173659e-45	0
43	"OUMA"	84104.9645929172	-168199.929185834	-168199.899643737	-168171.833018753	5	5.7e+10	2.7e+09	72000	0.972768197408222	0.000250914163006216	1e-09	1e-09	0.162566557582118	11465589278066232	4.25087208531719e-47	2.99808093409212e-30
43	"OUMVA"	86537.9810602089	-173063.962120418	-173063.920741107	-173030.24671992	6	1100	510	160	2.84998340993873	0.882043379617932	1.00229703783257e-09	1.61968097997495e-07	0.768503364602051	1.74292275643907e+43	5.25345302071013e-92	1.19145481799462e-48
44	"OUMA"	75436.092689076	-150862.185378152	-150862.155836055	-150834.089211071	5	1.9e+11	14000	-7.4e+10	1.55468874147192	0.415413623471001	1.01149327381927e-09	1.01149327381927e-09	0.766603205772927	1.18582269821632e+29	2.91839149030741e-54	4.51432350586182e-25
45	"OUMA"	70958.4409583079	-141906.881916616	-141906.852374518	-141878.785749535	5	62000	-1.1e+08	-3.8e+12	1.00191154671853	0.000292292394108129	1e-09	1e-09	-0.693651520579612	3.39596769719414e+23	-6.88173942731402e-49	3.36914624870897e-25
47	"OUMA"	64037.4432055998	-128064.8864112	-128064.856869102	-128036.790244118	5	1.4e+09	5.6e+07	8200	0.615496080077808	0.000350759720184777	1.04079858745438e-09	1.04079858745438e-09	2.30652504423917	29084233.2623418	1.07077226261212e-29	1.1963691039161e-22
48	"OUMA"	76154.0092986672	-152298.018597334	-152297.989055237	-152269.922430253	5	2.6e+12	1.1e+09	-3.1e+08	0.772268931104024	0.000137933540648756	1.047919632665e-09	1.047919632665e-09	0.769717555191685	93910486594940.8	6.13989998532778e-38	7.49107242865211e-24
49	"BMS"	-5559.3028384901	11124.6056769802	11124.6174821942	11141.4633772289	3	550	480	0	0	0	9.89225897737496	0.476430751907765	1.10487588589958	10.9126341929994	0	0
49	"OUMA"	70035.8039773358	-140061.607954672	-140061.578412574	-140033.511787591	5	1e+09	35000	-3.1e+10	1.65678826608384	0.247378730383678	1e-09	1e-09	0.0502988050260106	1.28895433271306e+31	1.92671362239566e-62	4.93738543132372e-30
49	"OUMVA"	76424.6439372723	-152837.287874545	-152837.246495234	-152803.572474047	6	5.3e+09	6.4e+08	480	0.96414248537847	0.000231189468659635	1.04593921515085e-09	1.21614034440403e-09	0.766844187317323	5118473533573898240	1.99389183881814e-43	1.3308678313781e-24
5	"OUMA"	83609.2371902172	-167208.474380434	-167208.444838337	-167180.378213353	5	2.8e+08	4.4e+07	27000	2.51201875161914	0.61139281932582	1.06941332804887e-09	1.06941332804887e-09	0.468611188080986	1.07932062256524e+48	4.03569127344446e-91	9.29512344860994e-43
50	"OUMVA"	68449.2959000593	-136886.591800119	-136886.550420808	-136852.876399621	6	1200	510	94	0.798710077704507	0.0453255285382524	1.05021691458169e-09	6.5531580149156e-09	0.564702403836259	1692071596002.85	6.20982591067451e-36	1.86070938253103e-23
50	"OUMA"	92432.3390921009	-184854.678184202	-184854.648642104	-184826.582017121	5	1.9e+11	510	-3.3e+11	3.10413563214501	0.828968108512344	1.05747947639899e-09	1.05747947639899e-09	2.71342588083413	1.32018867018202e+56	5.45657916866236e-108	2.65483788993972e-52
51	"OUMA"	80861.8784136933	-161713.756827387	-161713.727285289	-161685.660660305	5	1.4e+10	1.2e+09	34000	1.03455214593883	0.000231204479875908	1.05917929207582e-09	1.05917929207582e-09	0.367489363746658	1.84047742342122e+22	5.66575822883177e-49	2.83755505303916e-26
52	"OUMA"	73397.1438812054	-146784.287762411	-146784.258220313	-146756.19159533	5	1.5e+11	2.8e+09	62000	0.984398653094942	0.000329468997962889	1.0024949323058e-09	1.0024949323058e-09	0.0438565240427077	7.22847462848104e+21	5.69128093444901e-49	9.38042417546865e-26
53	"OUMA"	1507739.41529341	-3015468.83058682	-3015468.80104472	-3015440.73441974	5	1.9e+11	-4.2e+09	-1.1e+12	1.60085587945094	1.80158267786285	1.66168176730087e-09	1.66168176730087e-09	-8239322.35208507	0	-14.827637186387	0
54	"OUMA"	11359.7281790122	-22709.4563580245	-22709.426815927	-22681.3601909434	5	5e+10	4.2e+10	63000	0.243260963931786	3.83142260351095e-08	1.06047497351085	1.06047497351085	3.06205190068892	22.6011002353374	1.92284620069051e-16	1.89416735701851e-15
54	"OUMVA"	75117.0924896225	-150222.184979245	-150222.143599935	-150188.469578748	6	1200	520	50	0.804652671353527	0.000122672467901896	1.00298485682532e-09	1.29706107008918e-08	1.95839967532557	32462840010771160	3.32486806552921e-36	1.01675490323296e-18
55	"OUMVA"	80818.1069026936	-161624.213805387	-161624.172426077	-161590.49840489	6	1100	510	160	0.916225384908602	0.000334575010011791	1.01227558538192e-09	3.11458729669416e-09	2.28819832341173	91945054229206784	7.9806362483071e-43	3.2068025971634e-26
55	"OUMA"	101505.352026944	-203000.704053887	-203000.67451179	-202972.607886806	5	1e+13	1.1e+09	-2.8e+08	0.878809296320904	0.000113715784811555	1.00002707273997e-09	1.00002707273997e-09	0.285153091496754	2721790854784036	1.46904912477134e-42	1.40220975758794e-26
56	"OUMVA"	61129.2017788398	-122246.40355768	-122246.362178369	-122212.688157182	6	1000	500	200	0.892264787791381	0.118970547401499	1.01246511166595e-09	5.2008055316423e-09	0.187157153897057	1868908157537940	1.64208378666026e-36	1.63974698298514e-20
56	"OUMA"	62406.5062959347	-124803.012591869	-124802.983049772	-124774.916424788	5	5.1e+09	20000	-4.8e+09	0.746063450670375	0.0722879410032216	1.00020629133231e-09	1.00020629133231e-09	0.982224212507112	65942232149.3215	2.9710774899401e-31	4.4230474891679e-20
57	"OUMA"	67960.2718629017	-135910.543725803	-135910.514183706	-135882.447558722	5	3.2e+08	8700000	9200	3.09345404755058	1.46741795035663	1.00008628318917e-09	1.00008628318917e-09	1.83277549494692	9.30305212741747e+44	4.98737780789554e-81	2.53161900068211e-36
58	"OUMA"	92176.8076291924	-184343.615258385	-184343.585716287	-184315.519091304	5	2.2e+09	1.5e+09	53000	1.15002378714215	0.000133661518379085	1e-09	1e-09	0.765288804807001	2.83137333933031e+23	2.31210853025737e-55	8.55421448796464e-32
59	"OUMA"	54466.7268827322	-108923.453765464	-108923.424223367	-108895.357598383	5	9e+07	4500000	-3.5e+08	0.540083322422956	0.0099814633591187	1.01029103919661e-09	1.01029103919661e-09	1.16855052800286	1804014421.9235	9.84979560776969e-26	1.52061660181554e-16
59	"OUMVA"	72209.7287112848	-144407.45742257	-144407.416043259	-144373.742022072	6	1200	500	24	3.00676421504426	1.33910708444796	1.007263757352e-09	1.00009047288399e-09	3.0049674359577	2.88167269324112e+49	8.89958936153878e-78	8.53443638528568e-29
6	"OUMA"	95603.2012892784	-191196.402578557	-191196.373036459	-191168.306411476	5	8e+11	1e+09	-5e+08	0.629457347000242	6.93570240006178e-05	1e-09	1e-09	1.75684723330447	2532923120.59866	2.67889871910681e-32	3.88150432746597e-23
60	"OUMA"	74497.4703920405	-148984.940784081	-148984.911241983	-148956.844617	5	1.6e+09	10000	-3.9e+10	1.5720250121935	0.335170031075215	1.0273978135906e-09	1.0273978135906e-09	0.84096972765296	2.07156435555355e+28	3.27475415515825e-58	8.06671602747797e-30
60	"OUMVA"	86979.2077998523	-173946.415599705	-173946.374220394	-173912.700199207	6	1100	500	190	3.04906553674613	1.62799077567553	1.00913853209596e-09	2.21638639952665e-08	0.354891981593286	8.11380180828151e+33	8.12213749421704e-75	1.85692401984234e-40
61	"OUMVA"	66992.5520605198	-133973.10412104	-133973.062741729	-133939.388720542	6	950	500	190	0.831126783743507	0.077215047463415	1.0039461624049e-09	3.51271747809066e-09	0.719302935124982	1605384229167857	1.34738949556034e-36	3.00718744554689e-21
62	"OUMA"	57357.1172831982	-114704.234566396	-114704.205024299	-114676.138399315	5	2.9e+09	1.9e+08	25000	0.765867518266715	0.00343070891628715	1.60020839408297e-09	1.60020839408297e-09	1.43595685800437	1315791426784756	1.5058556281457e-34	1.37984084515416e-19
64	"OUMVA"	-3525.7751298322	7063.55025966441	7063.59163897475	7097.26566016177	6	1100	520	99	0.0202297920606044	3.10908315230405e-09	0.497703122199753	1.66544153851015	1.63543233534599	0.657829017902729	-5805384.17259124	21473519.0304377
65	"OUMA"	102049.836703175	-204089.67340635	-204089.643864253	-204061.577239269	5	2.8e+12	-1.8e+07	-7.4e+09	3.30025116958466	1.279672080501	1.0004618372128e-09	1.0004618372128e-09	0.769911611100969	6.17384782581928e+48	1.72950766513278e-94	1.38687495161826e-45
66	"OUMA"	93507.1497890973	-187004.299578195	-187004.270036097	-186976.203411114	5	2.4e+11	3100	-7.7e+09	3.36577631489949	1.84509683624409	1.00197323400933e-09	1.00197323400933e-09	0.0107266653704542	1.52294029315862e+38	2.70601258269744e-78	3.84191680607054e-38
67	"OUMA"	72782.9387948848	-145555.87758977	-145555.848047672	-145527.781422688	5	6.7e+09	210000	-5.6e+09	0.455210564885049	6.79351240063472e-05	1.03500898864196e-09	1.03500898864196e-09	0.875169284024562	982952.135179965	1.07945726832102e-22	1.20262779110388e-16
69	"OUMA"	57684.9908182675	-115359.981636535	-115359.952094438	-115331.885469454	5	2.6e+08	1.1e+07	21000	1.26939085002366	0.0730472560956769	1.00034751211768e-09	1.00034751211768e-09	1.88386242466197	2.80399299100775e+34	3.58630673456463e-55	5.33795823711889e-21
69	"OUMVA"	76891.2269805781	-153770.453961156	-153770.412581846	-153736.738560659	6	1100	500	160	0.959962815984162	0.000231563871213552	1.08484537164697e-09	2.26795491630379e-08	0.162562546410044	6.87786335502925e+22	3.91512727814653e-47	1.65645280688596e-23
7	"OUMA"	74321.7538112293	-148633.507622459	-148633.478080361	-148605.411455377	5	2.2e+09	3.4e+08	35000	1.27289999438373	0.000133935249084198	1e-09	1e-09	0.187906862820333	1.81831359165051e+36	6.07512919526252e-62	5.87873294779581e-25
70	"OUMVA"	94961.0016576526	-189910.003315305	-189909.961935995	-189876.287914808	6	1100	500	120	3.29019350157484	0.986349354262969	1.01417082666643e-09	6.36151819176738e-06	0.769556684439646	6.98424196138563e+56	1.09940978588599e-109	9.97782763450669e-53
71	"OUMA"	60495.4124639603	-120980.824927921	-120980.795385823	-120952.72876084	5	1.7e+11	1.4e+09	1.2e+08	0.354572516462705	5.78687714642776e-05	6.62541326800108e-09	6.62541326800108e-09	-0.285509103978653	915.21328694065	-1.39952794369011e-19	4.84408832252754e-15
71	"OUMVA"	70005.452634569	-139998.905269138	-139998.863889828	-139965.189868641	6	1100	510	160	2.04456371591899	0.000446863196265663	1.01466766654385e-09	0.0018026413368881	0.162733081541617	1.16047502953819e+69	9.06381626757025e-94	6.46354899150987e-24
72	"OUMA"	78578.5557543845	-157147.111508769	-157147.081966671	-157119.015341688	5	3.5e+09	2.8e+09	58000	0.907224556005083	0.000339968774131736	1.09553588919576e-09	1.09553588919576e-09	0.243071296859459	22197335524686692	1.5010348803102e-44	1.37074904775608e-27
72	"OUMVA"	85629.0201471471	-171246.040294294	-171245.998914984	-171212.324893797	6	6.4e+09	2.1e+09	220	0.898573778078044	0.000236540864713086	1.02921230800892e-09	44.0120047240366	0.245337881386349	13696905799770426	2.60290434871438e-44	1.45316880823508e-27
73	"OUMA"	69123.2610013785	-138236.522002757	-138236.492460659	-138208.425835676	5	1.4e+09	7.5e+07	7600	1.542479078352	0.000308329904664388	1e-09	1e-09	0.765969060192995	3.41534518309882e+43	7.23500885968224e-75	3.22598574051634e-31
74	"OUMA"	65637.4671766183	-131264.934353237	-131264.904811139	-131236.838186155	5	3.6e+11	1.2e+09	120000	1.00686722100129	0.000193571411884354	4.55581793847171e-05	4.55581793847171e-05	0.0113570528507435	5.23180307897371e+29	3.39044654711509e-51	1.56185927070159e-19
75	"OUMV"	-3452.89174973947	6915.78349947894	6915.81304157643	6943.87966656008	5	6.2e+09	9.6e+08	-1.3e+08	3.35702253667929	3.35702253667929	11.7081316114989	12.0981000743503	2.04284394730916	0.0408936598584036	2.11587766280451	0.0441377912099935
75	"OUMVA"	14632.8789010146	-29253.7578020292	-29253.7164227188	-29220.0424015318	6	6.2e+09	9.6e+08	-1.3e+08	0.273575631810129	1.33720257088581e-09	1.14943544870739	4.23669136938725	3.25048373049295	93.3754723994169	1.19794589976281e-19	2.28761569342918e-17
75	"OUMA"	78952.2296055283	-157894.459211057	-157894.429668959	-157866.363043976	5	2.1e+09	87000	-9400000	0.805561363944968	0.000131294637948841	1e-09	1e-09	1.03544706427504	5656503400448476	1.00883622111775e-39	5.51113204138513e-24
76	"OUMVA"	38809.5684198744	-77607.1368397489	-77607.0954604385	-77573.4214392515	6	1100	490	130	1.26038854389229	0.0475971550301097	0.00702186309613011	0.741175950375634	0.615222357887333	3.42023068677503e+38	4.95639445636605e-58	2.7554285732968e-19
76	"OUMA"	86795.7244077235	-173581.448815447	-173581.41927335	-173553.352648366	5	1.2e+10	2.4e+09	120000	1.08289115279526	0.000197743832030921	1.15412733820559e-09	1.15412733820559e-09	2.23388287943043	3.67397831118317e+29	4.03071189008017e-53	6.62914656825306e-24
77	"OUMVA"	25223.2218719869	-50434.4437439737	-50434.4023646634	-50400.7283434764	6	6.2e+09	2e+09	350	0.26072837597582	1.02237041488942e-07	0.646182766315216	0.00790301823535096	2.84576497701403	42.3572786129099	5.54601168835681e-17	0
77	"OUMA"	85279.2541679622	-170548.508335924	-170548.478793827	-170520.412168843	5	2.4e+09	2.4e+07	32000	2.51074088038685	0.833774206730971	1.09628907693295e-09	1.09628907693295e-09	-0.195456828862277	4.51060056471883e+47	-3.01646815717026e-76	6.96117042949453e-28
78	"OUMVA"	89848.7970516167	-179685.594103233	-179685.552723923	-179651.878702736	6	990	500	170	1.37679307635442	0.000187953659355002	1.02227839560751e-09	6.31117793721169e-09	0.768754989021457	2.58653727433189e+24	1.87241182352828e-60	8.15036820273766e-36
79	"OUMA"	63724.6117331742	-127439.223466348	-127439.193924251	-127411.127299267	5	1e+09	1e+07	1500	0.677114313971537	0.0459724526993702	1.09154641556461e-09	1.09154641556461e-09	2.65094526200377	328460007.882294	1.88855705403553e-28	2.34001259195497e-20
8	"OUM"	-3438.30534404837	6884.61068809675	6884.63037313612	6907.08762176165	4	1100	-30000	0	2.91821801269259	2.91821801269259	10.232406176675	10.232406176675	2.03725160937242	0.0410781213712952	2.10299775153743	0.0435330539964704
8	"OUMA"	65077.6322313108	-130145.264462622	-130145.234920524	-130117.168295541	5	2.9e+09	1.6e+07	9700	1.19078656058524	0.206096677364842	1.00027102933594e-09	1.00027102933594e-09	2.31921709049311	1.16985048767687e+23	1.57588135587246e-47	7.94899960096596e-25
8	"OUMVA"	82725.6533081632	-165439.306616326	-165439.265237016	-165405.591215829	6	1200	490	66	0.496981739937249	0.000112476492684652	1.08665508962006e-09	1.03110271843902e-09	2.78398524148775	1258544.95074309	3.48967143206721e-26	1.57709521269707e-20
80	"OUMA"	55259.7318333141	-110509.463666628	-110509.434124531	-110481.367499547	5	2.9e+08	2200000	29000	0.75225224380846	0.00354840772718065	1e-09	1e-09	0.659420253913504	580947271532.933	1.5233643418581e-35	1.34207942916743e-23
81	"OUMA"	73932.0319403607	-147854.063880721	-147854.034338624	-147825.96771364	5	5.3e+10	680000	-5e+10	1.11621489562018	0.000286471185984501	1e-09	1e-09	0.30011479723339	6.12826699946921e+27	7.03254843193784e-54	1.43602830899731e-25
81	"OUMVA"	87997.0344169494	-175982.068833899	-175982.027454589	-175948.353433401	6	1100	520	150	0.987456532436986	9.92377115449825e-05	2.46402585505964e-07	0.000165970818991317	0.111926499093776	2.85203220254536e+22	8.42070793283223e-48	2.14569501488967e-24
82	"OUMVA"	-4226.40786598766	8464.81573197532	8464.85711128566	8498.53113247268	6	6.2e+09	9.2e+08	-1.3e+08	0.0385444510877847	1.63798109425979e-09	0.26910985191844	100	1.80975493006683	0.209218777928673	-2.55091835302191e-10	2.94901818775734e-11
82	"OUMV"	-3536.20350912131	7082.40701824262	7082.43656034011	7110.50318532375	5	6.2e+09	9.2e+08	-1.3e+08	3.33369602023699	3.33369602023699	12.9632193374947	12.5728198074434	2.05339593815514	0.0429528702839354	2.12119853836836	0.0451165968668646
82	"OUMA"	105638.898073453	-211267.796146905	-211267.766604808	-211239.699979824	5	3e+11	30000	-2.5e+11	3.27765160208502	1.34827141558966	1.05641180845925e-09	1.05641180845925e-09	0.957482352621871	9.76316523531381e+49	7.54260983439656e-90	7.69097685373199e-40
83	"OUMA"	52931.8259248307	-105853.651849661	-105853.622307564	-105825.55568258	5	1.2e+09	31000	-2.5e+08	0.469698557924383	0.000104917333970041	1.59509098409257e-09	1.59509098409257e-09	0.592936060095155	472413129255.695	1.08068754625493e-23	8.6102198842327e-12
83	"OUMVA"	53416.3294471615	-106820.658894323	-106820.617515013	-106786.943493826	6	1000	500	200	0.464249985870635	0.000111912383998003	1e-09	1e-09	2.18706424650987	434726342.148891	1.37603830685014e-23	2.73518806354263e-15
84	"OUMA"	43071.1105732964	-86132.2211465928	-86132.1916044953	-86104.1249795116	5	2e+11	1e+09	-5.1e+08	0.385905510273337	4.67470843424235e-05	1e-09	1e-09	2.43996124423285	33351.3402413206	5.8480564729573e-20	0
85	"OUMVA"	64526.2663279529	-129040.532655906	-129040.491276596	-129006.817255409	6	1300	480	97	0.788558043383233	0.0394486761169923	1.02398910353205e-09	1.05891239931285e-09	0.501058068369611	15980327746371.4	3.67292155220241e-34	1.17141093809529e-20
85	"OUMA"	75022.1140700992	-150034.228140198	-150034.198598101	-150006.131973117	5	3.6e+08	7.9e+07	46000	1.71823845298933	0.300602503491269	1.00413660036348e-09	1.00413660036348e-09	0.178862835983088	2.40919351968298e+33	3.94779322984345e-64	5.31748128689185e-30
86	"OUMA"	86714.1046988105	-173418.209397621	-173418.179855523	-173390.11323054	5	2.3e+09	3.1e+08	36000	1.25308224939699	0.000156197130391481	1e-09	1e-09	0.767736657111723	5.53308950648844e+33	6.79329340693738e-59	4.89593666216624e-25
86	"OUMVA"	88864.669809343	-177717.339618686	-177717.298239376	-177683.624218189	6	1300	510	28	0.743516821139661	8.26743687062113e-05	1.08647916756735e-09	0.0475576968514591	0.427339497324882	39507036550777.2	1.09960850148667e-36	1.01657519447009e-22
87	"OUMA"	69319.2734534059	-138628.546906812	-138628.517364714	-138600.450739731	5	1.7e+10	2e+08	4300	0.750177715001936	0.093374357595539	1e-09	1e-09	0.327436091301833	262036.516166406	7.40233750606901e-31	1.38263079744569e-24
88	"OUMA"	84252.501048831	-168495.002097662	-168494.972555564	-168466.905930581	5	6.4e+10	150000	-5.4e+10	1.09744147128049	0.000204934561943477	1e-09	1e-09	0.765692857265914	3.72270376648684e+25	1.68011775426501e-51	8.16852427525777e-26
89	"OUMA"	74746.6367404519	-149483.273480904	-149483.243938806	-149455.177313823	5	3.7e+14	9.8e+08	-3.2e+08	1.02184314168279	0.000181031365138799	1.94508350715013e-08	1.94508350715013e-08	1.84259261095787	1.83298807879433e+29	8.63891553159339e-49	8.59387879867517e-20
9	"OUMVA"	25917.4671497255	-51822.934299451	-51822.8929201407	-51789.2188989537	6	1200	520	63	0.254928901346603	8.37953776404085e-09	0.266254733940902	0.982087389951625	3.20507225928956	165.373524796305	4.23864990727714e-18	2.97490501667762e-16
9	"OUMA"	6997949356262.55	-13995898712515.1	-13995898712515.1	-13995898712487	5	7.9e+16	1.5e+16	-5.3e+11	0.275269142840473	0.0919829393373167	1.021538310075e-09	1.021538310075e-09	-256.392710250267	8.50181251868621e-05	29515181.5079151	7.82760011066303
90	"OUMA"	53500.8366547014	-106991.673309403	-106991.643767305	-106963.577142322	5	1.7e+09	1.5e+07	6900	0.609281166585245	0.000592956024843693	1.01127333329133e-09	1.01127333329133e-09	0.466339246554771	2898815100059.13	6.81866427880808e-31	4.23855532633606e-18
90	"OUMVA"	59752.9711238232	-119493.942247646	-119493.900868336	-119460.226847149	6	1200	510	160	3.20123919190807	2.01421302062382	1.03872386800135e-09	1.00070426769446e-09	2.33287834239442	9.58480103098694e+33	2.44306912252462e-64	1.0037528002592e-30
91	"OUMA"	82303.5588304721	-164597.117660944	-164597.088118847	-164569.021493863	5	1.2e+09	6.3e+08	18000	1.55373160115413	0.000222343336930057	1e-09	1e-09	0.162598155228267	1.78654309564882e+52	5.88859017805657e-77	6.47007142008422e-24
92	"OUMA"	62197.6149805501	-124385.2299611	-124385.200419003	-124357.133794019	5	1.2e+09	3.8e+08	13000	0.843591891680674	0.000174343539443932	1e-09	1e-09	0.769929385453953	2.56924156428639e+20	3.2106456688582e-42	0
93	"OUMVA"	21789.4138080193	-43566.8276160385	-43566.7862367282	-43533.1122155412	6	1200	490	75	0.248435800603373	7.24215770445945e-09	0.294580192479713	0.775244523617456	0.850247868049774	1656.21995205905	8.58692531957976e-14	0
93	"OUMA"	45014.5567032233	-90019.1134064466	-90019.0838643492	-89991.0172393655	5	6.9e+07	1300000	12000	0.688320538881958	0.00452958406877164	1.01651043776895e-09	1.01651043776895e-09	0.503497886350524	31118657522878476	2.34623263691554e-33	1.45009377858524e-16
94	"OUMVA"	42065.3260241402	-84118.6520482805	-84118.6106689701	-84084.9366477831	6	6.1e+09	9.1e+08	1900000	0.43571238808637	0.0358228188137317	1.27505573276083	1.13325014324941e-09	3.0515892242197	46700.908137695	5.24584906332727e-17	8.02813976919712e-13
94	"OUMA"	88820.3602074518	-177630.720414904	-177630.690872806	-177602.624247823	5	5.5e+08	2.3e+07	6100	3.20078780181842	1.27931264156786	1e-09	1e-09	0.621633056786854	2.92730821476234e+45	8.59267751829554e-90	4.0463445687564e-44
95	"OUMVA"	43392.0458960008	-86772.0917920015	-86772.0504126912	-86738.3763915042	6	5.8e+09	8.6e+08	1800000	0.42813498601664	0.0845720128665944	1.02936085038391e-09	1.27328178612414e-09	0.318001865047353	19271.0535858568	1.96450309403253e-16	1.19049738174734e-11
95	"OUMA"	57440.0659635545	-114870.131927109	-114870.102385012	-114842.035760028	5	2.1e+09	4.5e+07	14000	0.517395037506007	0.000119573351512881	1e-09	1e-09	0.314774159486873	743066200210.037	4.9303646015984e-25	1.16387803683165e-12
96	"OUMVA"	49785.6285342028	-99559.2570684056	-99559.2156890953	-99525.5416679083	6	6.3e+09	2e+09	340	1.86996623311795	0.311365842965392	0.216756697090523	0.256468266826733	0.725024970493453	4.84028938304885e+44	9.86224920044371e-69	6.58406843111704e-24
96	"OUMA"	61487.6445122809	-122965.289024562	-122965.259482464	-122937.192857481	5	8500000	12000	-4.4e+07	1.49712127760076	0.159431252955279	1e-09	1e-09	-0.112458853827472	8.27854195054163e+33	-5.72587029186242e-61	4.21504006152882e-26
97	"OUM"	-3437.29292786578	6882.58585573155	6882.60554077092	6905.06278939646	4	1100	-29000	0	2.95772405227633	2.95772405227633	10.3505603650157	10.3505603650157	2.04641784171647	0.0411750841169695	2.09305117862359	0.043489647589979
97	"OUMVA"	86308.2187972488	-172604.437594498	-172604.396215187	-172570.722194	6	1200	520	40	0.724727642552536	0.000153692045280045	1.00018391611214e-09	0.0118062651746999	2.25368049291752	3247859726266.4	2.02490072538605e-36	2.91815700420043e-24
97	"OUMA"	97217.8491365745	-194425.698273149	-194425.668731052	-194397.602106068	5	9.8e+10	6.7e+09	19000	3.24261363820363	1.04458766511148	1.00049775386635e-09	1.00049775386635e-09	0.478204320583026	1.27633481820278e+53	1.01241232317651e-104	2.70214434046168e-51
98	"OUMA"	28528.2557930744	-57046.5115861487	-57046.4820440512	-57018.4154190676	5	4.1e+10	79000	-3e+07	1.66998395449175e-07	0.237326806956415	1e-09	1e-09	1.60434289348576e-09	0	0.0706061286067789	2.0958395722933
99	"OUMA"	81485.0994325419	-162960.198865084	-162960.169322986	-162932.102698003	5	3.7e+10	2.6e+09	-2.8e+07	1.03002456824815	0.000245782943622609	1.01178974502822e-09	1.01178974502822e-09	0.189339281475707	3.34570762871051e+21	3.27793849421057e-50	5.79226019083169e-28
