"id"	"model"	"loglik"	"AIC"	"AICc"	"BIC"	"param.count"	"eigval1"	"eigval2"	"eigval3"	"0_alpha"	"1_alpha"	"sigma0"	"1_sigma.sq"	"theta0"	"theta_se0"	"theta_1"	"theta_se_1"
1	"OUMA"	33192.2374178555	-66374.474835711	-66374.4452936135	-66346.3786686299	5	4.6e+10	8e+08	2.1e+08	9.58116405158485e-08	0.255415295086902	0.000119113647299157	0.000119113647299157	545557.58284216	0	0.834457803142987	770.126025965853
1	"OUMVA"	66590.3202265172	-133168.640453034	-133168.599073724	-133134.925052537	6	1200	470	180	0.000896106094932575	0.304607292167586	1.01425405261147e-09	1e-09	2.5523768034015e-14	4.05008289215316e-06	1.09582127643421	153276079.911868
10	"OUMA"	30490.8296163942	-60971.6592327883	-60971.6296906909	-60943.5630657072	5	8e+10	5.2e+08	-4.8e+07	4.66433419909554e-09	0.232499501167765	6.42449787976868e-06	6.42449787976868e-06	2.05060760360142e-11	1.02285412344302e-08	0.90151617811513	449.680736222933
100	"OUMVA"	31053.9467256281	-62095.8934512562	-62095.8520719458	-62062.1780507588	6	1100	460	170	0.360956627934935	8.08028276026773e-06	1.0079117927966e-09	1.06329767742151e-09	0.995615852462162	10.7378296116009	4.44276293473069e-19	2.86537804441931e-18
100	"OUMA"	44274.4064657493	-88538.8129314985	-88538.783389401	-88510.7167644174	5	6.6e+11	8.6e+08	1.4e+08	0.000124637170982224	0.709601854436216	1.26977123771985e-09	1.26977123771985e-09	-6.70585829509203e-16	0	1.09582127643418	2.76162332006977e+27
11	"OUMA"	47950.0459919524	-95890.0919839048	-95890.0624418073	-95861.9958168237	5	3.6e+08	1.3e+08	-3.8e+09	1.51881170344727e-08	0.247469163337747	1.14314809255209e-09	1.14314809255209e-09	-9.04775416444221e-10	0	0.811927299490228	0.926108926567857
12	"OUMA"	34992.2545240155	-69974.5090480311	-69974.4795059336	-69946.4128809499	5	4.1e+10	-880000	-4.4e+07	4.79742893696589e-08	0.234288300093246	1e-09	1e-09	1641.41144588313	1061.47017620519	0.818763620164464	0.0304391672329105
13	"OUMA"	22878.9058258397	-45747.8116516794	-45747.7821095819	-45719.7154845983	5	3.5e+10	6.5e+08	-1.2e+08	1.27379976505555e-08	0.209510690200572	1.58947800636779e-05	1.58947800636779e-05	-365538.177910188	4653368.70067573	1.00159256668529	3.04520645777685
13	"OUMVA"	39487.4283636338	-78962.8567272677	-78962.8153479573	-78929.1413267703	6	1300	480	53	0.0879129142665074	0.408569491807448	0.000222364927103152	0.00143953537576165	2.11144532208147e-15	3.38457094959084e-08	1.10512472760929	18371907.2746644
14	"OUMA"	39382.091971773	-78754.183943546	-78754.1544014485	-78726.0877764648	5	4.3e+10	2e+08	-2.3e+07	7.05686825120851e-09	0.24447844020818	1.00050740149351e-09	1.00050740149351e-09	4.81214560533477e-12	1.25827567415785e-08	0.812824534701751	180.318449219041
15	"OUMA"	31688.0441074142	-63366.0882148283	-63366.0586727308	-63337.9920477472	5	4.4e+10	3.7e+08	1.4e+08	1e-09	0.246041581140266	2.42186524945355e-06	2.42186524945355e-06	1516638.5290619	40957521380.4369	0.820127367517961	1450.22306622661
16	"OUMA"	24940.2149145297	-49870.4298290593	-49870.4002869618	-49842.3336619782	5	83000	45000	-120000	4.5758596410358e-08	0.236033461766031	1e-09	1e-09	1.87565464036277e-08	2.76351913232262e-09	0.9698785252316	0.142178772430135
16	"OUMVA"	31424.634325285	-62837.26865057	-62837.2272712597	-62803.5532500727	6	1100	510	160	0.00586375174452513	0.302617594568692	0.00219525245475594	0.00397363309754581	1.03553282734486e-12	1.23239493130866e-05	1.105123494873	13152158.5533933
17	"OUMA"	27690.8038004319	-55371.6076008639	-55371.5780587664	-55343.5114337827	5	3.9e+10	6.8e+08	3e+07	4.6019098144516e-09	0.225174310082322	2.74883108016445e-05	2.74883108016445e-05	-1858733.37119094	30531534191.4358	0.83164590397497	994.89719447872
18	"OUMA"	31177.9801644721	-62345.9603289443	-62345.9307868468	-62317.8641618631	5	4.7e+10	9.4e+08	-2.7e+08	2.99796863530752e-09	0.256773439991192	8.61571560022412e-06	8.61571560022412e-06	-1861339.22105467	189504811.675636	0.980988707719165	18.2936805595777
18	"OUMVA"	45960.2690559354	-91908.5381118708	-91908.4967325604	-91874.8227113734	6	1200	440	160	0.0012026372107132	0.319927846033694	1.04506406728765e-09	1.00931464759083e-09	-674868.388569643	73413235982.8264	1.15822166581177	10834.7222960114
19	"OUMA"	24514.029474803	-49018.0589496059	-49018.0294075085	-48989.9627825248	5	3.6e+10	6e+08	-9.9e+07	2.8563816425537e-08	0.211687966343811	1.82308533332034e-05	1.82308533332034e-05	0.854968768159149	0.0267858727332592	0.984560931023688	0.00550738669036287
19	"OUMVA"	59635.9315079049	-119259.86301581	-119259.8216365	-119226.147615313	6	1300	360	110	0.00972710167464219	0.285494032520576	1.04842989177277e-09	1.01383392953223e-09	-5.13034468376346e-12	0	1.10409591540853	0.963044811981808
2	"OUMA"	27235.2256920857	-54460.4513841715	-54460.421842074	-54432.3552170903	5	4.1e+10	4.4e+08	-1.3e+08	8.58573303529994e-07	0.234136205464726	8.97282099717012e-07	8.97282099717012e-07	0.856672434549309	0.00823119211913495	0.982794686008579	0.01174442019667
2	"OUMVA"	53817.8813489882	-107623.762697976	-107623.721318666	-107590.047297479	6	1100	420	190	0.0612592462897174	0.376217631221409	1.02648627157157e-09	8.68441112897306e-09	-72042.729903529	0	0.829398505547484	8.5253552848313
20	"OUMA"	78432.3916219253	-156854.783243851	-156854.753701753	-156826.68707677	5	8.9e+08	3.8e+07	47000	8.35805415096456e-05	0.423154515912216	1e-09	1e-09	-133594.035064762	0	0.782557949155853	33161579.2509234
21	"OUMVA"	726.617081815265	-1441.23416363053	-1441.19278432019	-1407.51876313317	6	6.1e+09	680	340	0.0246193915969254	3.97757272658074e-09	0.00133374803821979	0.00717563389979775	0.910933304679477	0.0380365931489169	329597.758823231	812531.30419273
21	"OUMA"	36101.7282544181	-72193.4565088363	-72193.4269667388	-72165.3603417551	5	4e+10	3.3e+08	-1.7e+08	2.33411697640022e-08	0.229625729399032	6.54656000109773e-06	6.54656000109773e-06	2760977.60971861	0	0.770005052014761	856.492390830911
22	"OUMA"	37898.7178730643	-75787.4357461286	-75787.4062040311	-75759.3395790475	5	4.8e+10	1.4e+09	-8.9e+07	4.08519894626209e-08	0.261659632380685	3.29827781387146e-05	3.29827781387146e-05	-4210195.60832536	13278065250.6677	0.716247368058386	1933.73870669089
23	"OUMA"	30463.7242150152	-60917.4484300304	-60917.4188879329	-60889.3522629493	5	5e+10	5.1e+08	-3.6e+08	1.84971802092731e-09	0.26939824358153	1.41198165107784e-05	1.41198165107784e-05	9.29592753617444e-12	0	0.812224152861423	117024.719724127
23	"OUMVA"	76751.9079733944	-153491.815946789	-153491.774567479	-153458.100546291	6	1000	490	190	0.000108750688544805	0.355086111156862	1.01579977012238e-09	1e-09	2274185.95954791	0	1.41440996797885	378322.791601257
24	"OUMA"	44361.9376498667	-88713.8752997334	-88713.845757636	-88685.7791326523	5	1e+11	4.3e+08	-3e+07	6.11602402179943e-09	0.265979558784614	1e-09	1e-09	3.00800784032646e-13	3.199993442753e-10	0.814883701175684	298.51303679301
25	"OUMA"	32082.7654866091	-64155.5309732182	-64155.5014311207	-64127.4348061371	5	4e+10	8.6e+08	2.1e+08	7.29750920175724e-08	0.230507019495843	2.24589980848318e-05	2.24589980848318e-05	3.38338640563772e-11	9.12600221548781e-10	0.900498353387086	24.2893376730972
26	"OUMA"	29351.1056646206	-58692.2113292413	-58692.1817871438	-58664.1151621602	5	4.2e+10	5.9e+08	1.6e+07	6.23994408124399e-08	0.240774726073316	2.55636649740786e-06	2.55636649740786e-06	5473427.02961078	113628804.098679	0.870824034447041	11.6845634533286
26	"OUMVA"	57604.9226216023	-115197.845243205	-115197.803863894	-115164.129842707	6	1300	460	92	0.00168844202635772	0.298727654255393	1.02335192791928e-09	1.0540251655395e-09	1.27410044507547e-14	1.38769076365438e-12	0.90093266579695	107.063152487818
27	"OUMA"	32473.0117447301	-64936.0234894602	-64935.9939473627	-64907.927322379	5	4.6e+10	2.2e+08	410000	4.63246763924865e-08	0.255896417380844	1.28650647658028e-05	1.28650647658028e-05	238732.205361359	0	0.805209382598158	2785.91225509084
28	"OUMA"	73075.2608806036	-146140.521761207	-146140.49221911	-146112.425594126	5	2.4e+09	960000	-2.9e+07	0.000215490517256	0.358055349595523	1.00031931326675e-09	1.00031931326675e-09	2.28637005197865e-15	0.00111737468828016	1.09582127643418	494970113208.252
29	"OUMA"	43007.0253439188	-86004.0506878376	-86004.0211457401	-85975.9545207564	5	4.2e+10	4100000	-4e+07	3.9759308191817e-07	0.240982514344806	1.01902149783453e-09	1.01902149783453e-09	-3.13180901766672e-09	0	0.812304334989374	14.2302195984242
3	"OUMA"	29888.084216114	-59766.168432228	-59766.1388901305	-59738.0722651469	5	4.1e+10	7.2e+08	-8.6e+07	5.94208987203849e-09	0.232334761812346	1.47570007688879e-05	1.47570007688879e-05	-23886.5017212554	0	0.973860390250622	26.1311808807552
30	"OUMVA"	34797.9204819	-69583.8409638001	-69583.7995844897	-69550.1255633027	6	1200	490	99	0.375397890942553	0.747422255761041	1.00014715764889e-09	7.20319882545642e-05	7.68846797824661e-19	0	1.09582127643418	69633621725479.8
30	"OUMA"	57651.3939165439	-115292.787833088	-115292.75829099	-115264.691666007	5	2.3e+08	5500	-4e+08	6.904151565153e-05	0.279773719470402	3.13137148964007e-08	3.13137148964007e-08	135989.923296306	0	0.96053445377656	31.2166441134137
31	"OUMVA"	45471.1259745178	-90930.2519490357	-90930.2105697253	-90896.5365485383	6	1100	510	170	0.000681572098680198	0.291169324594703	1.05571695333531e-09	1.09194642595271e-09	3.19906718800811e-10	7.28144585013905e-11	0.984378381383776	0.224055834408187
31	"OUMA"	58677.6898604539	-117345.379720908	-117345.35017881	-117317.283553827	5	1e+09	1.7e+07	37000	9.51808648079032e-05	0.308249156443241	1.025498888623e-09	1.025498888623e-09	8.61337919329075e-11	4.51153495911057e-11	0.96470868539932	0.505297801254729
32	"OUMA"	21072.384767405	-42134.76953481	-42134.7399927125	-42106.6733677289	5	4e+10	4.7e+08	-2.5e+07	1.69570233225082e-08	0.229609967604684	6.56678963676704e-06	6.56678963676704e-06	695722.376271746	61055516.435784	0.972361130109427	1.8870488986732
32	"OUMVA"	65635.4054390211	-131258.810878042	-131258.769498732	-131225.095477545	6	1300	490	48	0.000100057864922217	0.395398564003385	1.08544636841644e-09	2.72344734928623e-09	-1.30483296626339e-16	0.00479373069854886	1.09582127643418	5055993015871
33	"OUMA"	33618.1021105083	-67226.2042210167	-67226.1746789192	-67198.1080539355	5	4e+10	9.2e+08	-2e+07	3.55199355295219e-08	0.231830438056602	5.53892890607093e-05	5.53892890607093e-05	3.38819288139533e-11	2.91815346386459e-09	0.884540790317672	130.969418069796
34	"OUMA"	30485.0626299308	-60960.1252598617	-60960.0957177642	-60932.0290927805	5	3.9e+10	1.2e+09	-2.4e+08	4.62838594546364e-09	0.226083967311778	2.69538386999946e-05	2.69538386999946e-05	1.17951132770572e-11	6.02754859205821e-07	0.806738597596508	29869.5260400682
34	"OUMVA"	55715.6366217464	-111419.273243493	-111419.231864182	-111385.557842995	6	6.2e+09	680	340	0.00463944801847251	0.281498851702382	1.09402229928e-09	1.02420754641134e-09	-6.97131071579089e-10	1.11008927301767e-05	0.80799848009085	5806.02088394555
35	"OUMA"	25475.1458238099	-50940.2916476197	-50940.2621055223	-50912.1954805386	5	3.6e+10	3.3e+08	-1.6e+08	1.98669318830658e-09	0.21342323867037	4.25623610617137e-05	4.25623610617137e-05	1768.89302250155	9177.71974018131	0.87208569559963	0.32554184969939
35	"OUMVA"	77142.1258256162	-154272.251651232	-154272.210271922	-154238.536250735	6	1100	500	190	0.000109276493715761	0.559071228093454	1.00938902990783e-09	1.0003474512396e-09	1.08821015511566e-16	2360.58058049308	1.09582127643418	2369768582331082752
36	"OUMA"	43926.7400716967	-87843.4801433934	-87843.4506012959	-87815.3839763122	5	3.7e+10	2.2e+08	-5.5e+07	1e-09	0.218006008094069	1.20766521544088e-09	1.20766521544088e-09	2.69147155341256e-11	4.74754334697099e-09	0.814517053051842	128.956936818904
36	"OUMVA"	66787.8039648139	-133563.607929628	-133563.566550317	-133529.89252913	6	1200	410	170	0.339890726154409	0.793257988310998	1.04367786739706e-09	1.00013917272306e-09	2.23155627840557e-16	12.2913968068205	1.09582127643418	57802559425358992
37	"OUM"	1330.26412942938	-2652.52825885875	-2652.50857381938	-2630.05132519384	4	3.1e+10	-6e+09	0	3.41438237663439	3.41438237663439	0.109672389325705	0.109672389325705	0.846483736674491	0.00349847596802445	0.987828893905356	0.00489154367547847
37	"OUMA"	18496.9412082756	-36983.8824165512	-36983.8528744538	-36955.7862494701	5	3.8e+10	4.3e+08	-2.9e+07	2.75306482490226e-08	0.224629536562443	5.05326068363833e-06	5.05326068363833e-06	-1590895.32833011	20484696.7794041	0.939768624359487	1.69042346790267
37	"OUMVA"	51991.364083768	-103970.728167536	-103970.686788226	-103937.012767039	6	5.6e+09	680	340	0.0799627719599618	0.376177930059241	1.01130375159688e-09	3.5992849701353e-09	1.45059597915781e-14	3.33366733662963e-12	0.900488507554592	209.188991088113
38	"OUMA"	38250.0035668951	-76490.0071337901	-76489.9775916926	-76461.910966709	5	4.8e+10	3.1e+08	-6.8e+07	4.85894278406478e-08	0.261537988059366	1e-09	1e-09	-893.226509166198	0	0.830110762712417	1.63546965469657
39	"OUMA"	46967.8048644531	-93925.6097289062	-93925.5801868087	-93897.513561825	5	3.9e+10	4.5e+08	-3e+07	2.32531788795238e-08	0.225944652680668	1e-09	1e-09	1.56052349615222e-12	1.03462432747364e-09	0.804446897441245	63.3045734731651
4	"OUMA"	30637.0072811943	-61264.0145623887	-61263.9850202912	-61235.9183953075	5	4.3e+10	7.2e+08	1.4e+08	1.71849894374417e-09	0.239827234296039	1.21180487751272e-05	1.21180487751272e-05	135453525.074718	0	1.28038218641556	539.540521872795
40	"OUMA"	40039.1802165403	-80068.3604330806	-80068.3308909831	-80040.2642659995	5	3.7e+10	1.1e+08	-1.1e+08	1.40492780275659e-09	0.220993933907623	1.00971422618109e-09	1.00971422618109e-09	-9552022.73775463	487777.212958547	0.898653373015574	1.78379287815319
41	"OUMA"	27539.231722206	-55068.463444412	-55068.4339023145	-55040.3672773309	5	4.3e+10	5.1e+08	-2e+07	1.25410701616395e-09	0.24218109572612	1.97976201099406e-05	1.97976201099406e-05	1.99850136945203e-11	5.29629367495247e-11	0.896687671363305	10.9805778223486
42	"OUMA"	33455.0570949746	-66900.1141899493	-66900.0846478518	-66872.0180228681	5	4.4e+10	15000	-120000	1.30554399898052e-09	0.247547768203007	1.00857644478812e-09	1.00857644478812e-09	-7.94444290534723e-09	0	0.96338076103186	0.111986936805852
42	"OUMVA"	61230.6820300445	-122449.364060089	-122449.322680779	-122415.648659592	6	1100	460	180	0.000297683618470702	0.300074162718102	1.19660290051282e-09	1.02643340495174e-09	63.3852395521623	9439.37549035194	0.903066814755585	0.92437102972944
43	"OU1"	1034.95917711116	-2063.91835422232	-2063.90654900835	-2047.06065397364	3	5.6e+09	-95000	0	3.43226065126038	0	0.147575281295884	0	0.89536018276264	0.0032962495221113	0	0
43	"OUMVA"	54076.7494954154	-108141.498990831	-108141.45761152	-108107.783590333	6	5.6e+09	680	340	0.177531007768271	0.555504286461664	1.12184376389927e-09	1.0502772472545e-09	-1.16875596892021e-16	0	1.09582127643418	254700503748.417
43	"OUMA"	54146.3654859673	-108282.730971935	-108282.701429837	-108254.634804854	5	4.7e+10	6.3e+08	610000	9.59664082906309e-06	0.256637095520714	1.52075805739037e-09	1.52075805739037e-09	1.4196485879866e-08	4.90769650798727e-09	0.962469886759411	0.332724528107169
44	"OUMA"	71423.9756575643	-142837.951315129	-142837.921773031	-142809.855148047	5	9.8e+08	6400	-9.7e+07	8.50668208474556e-05	0.26363480583237	1.00019421926178e-09	1.00019421926178e-09	4.10479296976479e-11	1.01750995400268e-12	0.952770443525259	0.0236175508657749
45	"OUMVA"	55413.4026245098	-110814.80524902	-110814.763869709	-110781.089848522	6	1100	450	200	0.00568142852257766	0.284593490087223	1.01274534697485e-09	1.04251550168259e-09	-2.08924800094883e-12	0	0.81078843133667	3997.42974992967
45	"OUMA"	67287.858601342	-134565.717202684	-134565.687660586	-134537.621035603	5	1.8e+09	2300000	2600	6.60708236950688e-05	0.303591184265241	1.1963152444211e-09	1.1963152444211e-09	-2.28495845913873e-11	0	0.811014389553344	22459.9287971701
46	"OUMA"	43114.7433607133	-86219.4867214267	-86219.4571793292	-86191.3905543455	5	4.1e+10	1200000	140000	2.6795500398455e-05	0.237577341301048	1.00118511475271e-09	1.00118511475271e-09	4.15133717232911e-11	9.09199728973933e-13	0.96516939905113	0.021345435155023
47	"OUMA"	34578.4259549943	-69146.8519099886	-69146.8223678911	-69118.7557429075	5	4e+10	5.4e+08	910000	3.64000532578276e-09	0.231603319365902	3.98558678786891e-06	3.98558678786891e-06	0.85714158249184	0.0176518526211454	0.90630364896443	0.0071816104353964
48	"OUMA"	29039.7373795268	-58069.4747590536	-58069.4452169562	-58041.3785919725	5	4.2e+10	1.3e+09	-3.6e+08	3.28668389955927e-09	0.236122780702469	1.70707729043884e-05	1.70707729043884e-05	-2688316.11927725	0	0.940202767514517	39.3939933667686
48	"OUMVA"	52529.4193624637	-105046.838724927	-105046.797345617	-105013.12332443	6	1200	480	120	0.0128522080547283	0.271365509129629	1.00240395227066e-09	1.00278772475893e-09	52925.2213509319	0	0.948711128858716	0.746850426677113
49	"OUMA"	40511.3913931197	-81012.7827862393	-81012.7532441418	-80984.6866191582	5	4.9e+10	-2.9e+07	-5.9e+07	1.04439312708417e-07	0.268447281149202	1.00089732568876e-09	1.00089732568876e-09	78497.4554831421	522641032.611854	0.810121195796248	20.9815310761914
49	"OUMVA"	106808.2743867	-213604.5487734	-213604.507394089	-213570.833372902	6	1200	540	100	2.0669959279436	3.5693771721574	1.00221800294037e-09	1.00915682999107e-09	4.47252721158609e-64	0	1.09582127643418	1.99403901832239e+58
5	"OUMA"	26498.4981277431	-52986.9962554863	-52986.9667133888	-52958.9000884051	5	3.8e+10	1e+06	180000	2.89346528939857e-08	0.22229706583017	9.6398638862228e-06	9.6398638862228e-06	-7.78156902488073e-09	0	0.805681648003292	1365.50282055484
50	"OUMA"	19581.1215884515	-39152.2431769029	-39152.2136348054	-39124.1470098218	5	3.7e+10	7.1e+08	-4.2e+07	8.26544792192557e-07	0.217178164976374	5.76624919148582e-05	5.76624919148582e-05	-6095.77855308956	109612.893805381	1.03988668809472	0.576425359075832
50	"OUMVA"	22393.8279672279	-44775.6559344559	-44775.6145551456	-44741.9405339585	6	1200	510	140	0.405749178625172	9.46195837325363e-06	0.000169949224780305	8.17805897679486e-05	0.883828416678091	133053.448077007	4.43422727639382e-21	8.98683461013829e-17
51	"OUMA"	32105.2847037092	-64200.5694074184	-64200.5398653209	-64172.4732403373	5	4.1e+10	4.6e+08	310000	1.22462254790994e-09	0.235957268135873	7.87314461216929e-06	7.87314461216929e-06	1333.67390915233	498964.050934986	0.85314907926571	77.8280840014404
52	"OUMA"	22096.9697978966	-44183.9395957933	-44183.9100536958	-44155.8434287121	5	3.9e+10	270000	57000	1.25019047977607e-08	0.228953339561207	1.16739361851549e-05	1.16739361851549e-05	-128325.713295258	21382331.712498	0.765272525808961	3.631753664904
53	"OUMA"	45298.259199315	-90586.5183986299	-90586.4888565324	-90558.4222315488	5	4.3e+10	3.9e+08	1.1e+08	5.16956084882916e-08	0.244577509248239	1.0421147938637e-09	1.0421147938637e-09	5.00929525521969e-12	9.98691311849104e-08	0.812719531317307	16212.1924702402
54	"OUMA"	30934.4443448459	-61858.8886896918	-61858.8591475944	-61830.7925226107	5	4.2e+10	6e+08	2.2e+08	7.15433760971091e-09	0.238998326878709	3.24092101658861e-05	3.24092101658861e-05	-3.41409226231023e-11	2.91324549418122e-08	0.89380270628387	485.016477109335
54	"OUMVA"	59594.8448633796	-119177.689726759	-119177.648347449	-119143.974326262	6	1200	560	130	0.133220680581185	0.415899999476946	1.02228023050965e-09	1.12584278996069e-05	-67150125.4118387	256654058764.104	78.5250358323338	0
55	"OUMA"	38479.2337162335	-76948.467432467	-76948.4378903695	-76920.3712653859	5	4.2e+10	1.7e+08	-2e+08	2.04630199592587e-07	0.241358130495663	2.92461145174598e-07	2.92461145174598e-07	-3.71326744401998e-09	0	0.815075097497243	97.159370368712
56	"OUMA"	94414.0220953461	-188818.044190692	-188818.014648595	-188789.948023611	5	2.4e+09	1.5e+09	93000	0.000212838950071426	0.772482763110186	1.02819129823691e-09	1.02819129823691e-09	-2.58001493828163e-16	0	1.09582127643418	3.0018271786526e+29
57	"OUMA"	37771.7740368162	-75533.5480736324	-75533.5185315349	-75505.4519065512	5	4.6e+10	8.2e+08	-3.3e+07	3.8888690813454e-09	0.25565724849458	2.22274676674576e-05	2.22274676674576e-05	1002678.19499203	0	0.810441969501827	554.51916281134
58	"OUMA"	45900.2974033665	-91790.594806733	-91790.5652646355	-91762.4986396518	5	5e+10	8.1e+08	-3.4e+08	4.69507111757231e-07	0.268975863289527	1.00456799148129e-09	1.00456799148129e-09	3.11293757419655e-11	1.87051521149623e-07	0.814193997022874	1030.3918832042
58	"OUMVA"	80909.4234571629	-161806.846914326	-161806.805535015	-161773.131513828	6	1100	510	160	8.00373281779206e-05	0.518555729277194	1.01721882774908e-09	1.05103018645465e-09	-1.09036239144984e-15	0	1.09582127643418	5976348424790473728
59	"OUMA"	34639.2455933619	-69268.4911867238	-69268.4616446264	-69240.3950196427	5	4.3e+10	1.4e+09	-3.8e+08	5.51235807995125e-07	0.241917028803441	1.98319580298736e-05	1.98319580298736e-05	4.91174763540843e-12	2.18251786808464e-10	0.909642226541861	40.4186796813293
59	"OUMVA"	56056.8376840464	-112101.675368093	-112101.633988782	-112067.959967595	6	1200	480	150	0.000252397248096974	0.266439553855053	1.0533473977707e-09	1.01521519027831e-09	3.38443388459973e-13	3.40413885944158e-13	0.901107700446971	0.906217215762086
60	"OUMA"	27247.1596468391	-54484.3192936782	-54484.2897515807	-54456.223126597	5	3.7e+10	6.8e+08	-2e+05	3.24498139729054e-07	0.218352769690975	1.20541570637272e-06	1.20541570637272e-06	0.849852050204198	0.00710878636335177	0.994021843094233	0.010205710576513
61	"OUMA"	33186.8993677826	-66363.7987355651	-66363.7691934676	-66335.702568484	5	4.2e+10	1.5e+09	-4.5e+08	3.76895812233317e-09	0.23566189134069	3.96779886418662e-05	3.96779886418662e-05	8.08432078895762e-12	1.72372532963729e-06	0.811227134047581	34561.4725178411
62	"OUMA"	37657.5009380084	-75305.0018760168	-75304.9723339193	-75276.9057089357	5	4.2e+10	6e+08	1.4e+08	3.44193816302593e-09	0.238966537200123	1.96585703071782e-06	1.96585703071782e-06	-85120.4609513708	0	0.828367651469089	442.597354897479
62	"OUMVA"	73167.2711705196	-146322.542341039	-146322.500961729	-146288.826940542	6	1200	410	210	0.261219895269514	0.778773335138429	1.00076513199757e-09	1.02204218169622e-09	1.47760392109518e-16	0	1.09582127643418	3555720289360852992
63	"OUMA"	46201.8964349961	-92393.7928699923	-92393.7633278948	-92365.6967029112	5	7.8e+08	1900000	-4.7e+09	2.45309161908431e-05	0.287781232497489	0.00429651354562672	0.00429651354562672	-37855.2349475499	15582095.1146137	1.02138693306394	6.78241611294044
63	"OUMVA"	52849.5788097661	-105687.157619532	-105687.116240222	-105653.442219035	6	1100	470	200	0.0155413362946429	0.315999202507187	1.08003210328465e-09	1.86580482513489e-09	1.36125713323745e-09	4.93573360224379e-11	0.794796334342144	0.0288182281587687
64	"OUMVA"	53074.3795539059	-106136.759107812	-106136.717728501	-106103.043707314	6	1100	470	170	0.00658792478669878	0.338145358217301	1.00009479210676e-09	1.02142936627497e-09	9.06832968115983e-11	7.10109557957915e-13	0.760509278898411	0.00581834398538521
64	"OUMA"	56528.435833649	-113046.871667298	-113046.842125201	-113018.775500217	5	1.5e+10	6.8e+07	79000	0.0796550763355986	0.428734251487829	1.01002323203828e-09	1.01002323203828e-09	4.1031314672377e-17	0	1.10512458177789	1.60544319219101
65	"OUMA"	25741.3348343601	-51472.6696687203	-51472.6401266228	-51444.5735016391	5	4.3e+10	370000	110000	3.10142064917914e-09	0.243125048396466	0.000126158097258722	0.000126158097258722	1.25269291798804e-11	2.11896200885835e-06	0.807228448259172	129517.115273292
66	"OUMA"	34646.1856660043	-69282.3713320087	-69282.3417899112	-69254.2751649275	5	4.3e+10	7.7e+08	-2.7e+08	4.75832073256282e-08	0.243627381115034	1e-09	1e-09	-64686.5125531244	0	0.812839790551463	1.64766485288284
67	"OUMVA"	1103.00593376681	-2194.01186753362	-2193.97048822327	-2160.29646703626	6	5.7e+09	550	-160	0.334212366777126	0.3217920587362	0.00616903246581293	0.013976851417917	0.85576454176405	0.00433781663298855	0.982022096858334	0.00581869708116845
67	"OUMV"	1297.13807969197	-2584.27615938394	-2584.24661728645	-2556.17999230281	5	5.7e+09	550	-160	3.37630841259754	3.37630841259754	0.110719890450777	0.114535684755279	0.846851683275731	0.00352253261332817	0.987082210197255	0.00503745848336293
67	"OUMA"	30054.7474149932	-60099.4948299864	-60099.4652878889	-60071.3986629053	5	4.2e+10	1.6e+09	-1.2e+08	1.64107427385672e-08	0.23424998176414	8.05557421644415e-05	8.05557421644415e-05	144393.902952134	0	0.807610241185281	1901.84643276762
68	"OUMA"	38339.4894496069	-76668.9788992138	-76668.9493571163	-76640.8827321326	5	4e+10	6.7e+08	2.1e+08	4.4999470739302e-08	0.230541423942567	8.29824915455972e-06	8.29824915455972e-06	-50.8318350103973	0	0.81449830056424	0
68	"OUMVA"	56080.5826518809	-112149.165303762	-112149.123924451	-112115.449903264	6	1200	450	150	0.00634680219051802	0.279046929791551	1.09159528803536e-09	1e-09	1.71012621045701e-13	1.51390437995028e-05	1.09582127643435	98841603.1879511
69	"OUMA"	29133.2975779702	-58256.5951559405	-58256.565613843	-58228.4989888594	5	4.1e+10	5.2e+08	-2.3e+07	5.47315199227277e-09	0.237167592310884	1.49197347172376e-05	1.49197347172376e-05	1.36341058003421e-11	2.12698444851531e-10	0.901241814196302	14.0599036330338
7	"OUMA"	28000.6594954275	-55991.318990855	-55991.2894487575	-55963.2228237739	5	3.7e+10	6.6e+08	-7.4e+07	2.12777979591765e-09	0.2198206942917	2.74427928055201e-05	2.74427928055201e-05	6.17325559377108e-11	4.06539278708362e-10	0.890837554697048	6.86753777195609
7	"OUMVA"	58122.1363461065	-116232.272692213	-116232.231312903	-116198.557291716	6	1100	430	170	0.000615403267853095	0.429092391564007	1e-09	1.12517077402363e-09	1.63624899080308e-16	0	1.09582127643418	684886824623711
70	"OUMA"	18215.1016556634	-36420.2033113268	-36420.1737692293	-36392.1071442457	5	3.8e+10	1.3e+09	-760000	9.71377130242573e-07	0.224009513003722	0.000371082259320568	0.000371082259320568	-2309.79171896397	163501.973328743	0.982303593419955	0.587191360316403
70	"OUMVA"	50187.7709143954	-100363.541828791	-100363.50044948	-100329.826428293	6	1500	460	3.9	0.00830294960591423	0.298042609420084	1.00474121468386e-09	1.12493438152188e-09	1.77323450719659e-10	2.3748105038591e-09	0.999939646040402	13.3916849289069
71	"OUMA"	29555.4654730726	-59100.9309461451	-59100.9014040477	-59072.834779064	5	4.3e+10	6.4e+08	-1.9e+07	1.30473409915712e-09	0.241341953190441	1.03444604689811e-05	1.03444604689811e-05	7.34999975707871e-11	0.00818690493701357	1.09582127650768	122066092.87385
71	"OUMVA"	58372.6151679895	-116733.230335979	-116733.188956669	-116699.514935482	6	1200	520	150	0.00175245647829149	0.347358602648854	1.00091092494968e-09	1.02934205635125e-09	1.03031047812458e-15	0	1.09582127643418	42460447407.3142
72	"OUMA"	28497.394200405	-56984.78840081	-56984.7588587125	-56956.6922337288	5	3.9e+10	5.8e+08	1900000	7.35867515485171e-08	0.228173247367675	3.65895144587123e-05	3.65895144587123e-05	3.64287038083799e-08	6.35453710238369e-09	0.760517258136284	0.132662834912785
72	"OUMVA"	57220.2530939652	-114428.50618793	-114428.46480862	-114394.790787433	6	1200	540	110	0.0687519810478315	0.483562559664689	1.21704087585831e-09	1.04088295886686e-09	2.13419698309288e-17	3.92909655168294e-11	0.811262246696864	1454055.43469984
73	"OUMA"	33709.7338063773	-67409.4676127545	-67409.4380706571	-67381.3714456734	5	4.3e+10	1e+09	-2.5e+08	8.46702854311484e-09	0.241042925193138	2.14138787304458e-05	2.14138787304458e-05	-0.000221579529284779	0.086792640343606	0.850124625041884	166.752463048578
74	"OUMA"	34351.2769129272	-68692.5538258545	-68692.524283757	-68664.4576587733	5	4.2e+10	4.5e+08	-3.6e+07	1.92584625784756e-08	0.237703276372045	1e-09	1e-09	2.18048768994339e-08	6.48534596321973e-11	0.760508608446659	0.00226195336946012
75	"OUMA"	40346.4762694593	-80682.9525389186	-80682.9229968211	-80654.8563718375	5	8.6e+10	1.7e+09	-6.4e+08	5.00886821039198e-08	0.234384233940495	8.12553779390811e-05	8.12553779390811e-05	-1441047.68361454	0	0.694784693554046	0
75	"OUMVA"	64680.7078653779	-129349.415730756	-129349.374351445	-129315.700330258	6	1300	420	88	0.00869158474240918	0.385368308488044	1.00353599436172e-09	1.00003833561083e-09	3.16659374114686e-16	0.00106700215783875	1.09582127643418	2978543018050.79
76	"OUMA"	65287.1330550463	-130564.266110093	-130564.236567995	-130536.169943011	5	4.4e+10	8.4e+08	-12000	4.0634150533e-05	0.248437286524701	1.01640435635856e-09	1.01640435635856e-09	1.57367671707742e-12	1.98152052438697e-12	0.81559740492827	0.801647846678344
77	"OUMA"	23380.8490073006	-46751.6980146012	-46751.6684725037	-46723.60184752	5	3.9e+10	6.3e+08	-5e+05	1.98663112671475e-09	0.22770128308939	6.11595162028555e-05	6.11595162028555e-05	66020.553269768	0	0.815879929512067	137.221972758135
78	"OUMA"	39351.4383175281	-78692.8766350562	-78692.8470929587	-78664.780467975	5	3.8e+10	460000	220000	1.17913230780341e-07	0.225223190240611	6.71664592863686e-09	6.71664592863686e-09	-3.17568324247516e-08	0	0.810694364856375	3.88226343060418
79	"OUMA"	84840.7493888926	-169671.498777785	-169671.469235688	-169643.402610704	5	1.1e+09	9e+08	-18000	0.000126339668578019	0.82944383239241	1e-09	1e-09	5.52520231187011e-16	0	1.09582127643418	6.9162945753609e+32
8	"OUMA"	36914.4809332128	-73818.9618664255	-73818.932324328	-73790.8656993444	5	4.2e+10	1.2e+09	-7.5e+07	1.05816377773118e-08	0.237926487255343	1.23174156560566e-05	1.23174156560566e-05	-574765.534266548	6400859641.83828	0.853795318496653	2235.28318154966
80	"OUMA"	39203.7243639259	-78397.4487278518	-78397.4191857543	-78369.3525607707	5	4.6e+10	5500000	-2.3e+07	5.95597988035083e-08	0.257689609082298	1e-09	1e-09	14093.3064935627	1493314.07068208	0.800860418776759	16.182079880512
81	"OUMVA"	68891.6434484372	-137771.286896874	-137771.245517564	-137737.571496377	6	1200	520	140	0.0491602612977374	1.65883660222076	1e-09	1e-09	-4.16155948168881e-17	2.58099048093781e+52	1.09582127643418	9.93717887788226e+67
81	"OUMA"	88728.0791265985	-177446.158253197	-177446.128711099	-177418.062086116	5	2e+09	7.3e+08	-1.6e+10	9.33509522371499e-05	0.50177809124733	1e-09	1e-09	3.51867343486801e-15	0	1.09582127643418	1186954558109310208
82	"OUMA"	69436.620828452	-138863.241656904	-138863.212114807	-138835.145489823	5	2.7e+07	23000	-9.3e+07	0.000136066778728162	0.52288258247265	1e-09	1e-09	652280.758950643	0	0.907024513457563	187449230898.051
83	"OUMV"	1323.78392396357	-2637.56784792714	-2637.53830582965	-2609.47168084601	5	1500	460	-2.3	0.936978026316788	0.936978026316788	0.0316089701188891	0.0301413834533151	0.844918959209309	0.00380056404083707	0.985920033392864	0.005056906434566
83	"OUMVA"	1337.87892394471	-2663.75784788942	-2663.71646857908	-2630.04244739206	6	1500	460	-2.3	0.160215629961776	0.152685637411206	0.00571670162124822	0.00529241404712254	0.852933517182862	0.00750724844700914	0.988609650989587	0.00647965494649189
83	"OUMA"	31904.1724040292	-63798.3448080584	-63798.315265961	-63770.2486409773	5	4e+10	1e+09	-3.4e+08	3.98666834960963e-08	0.229288544995633	5.25981615542492e-07	5.25981615542492e-07	-1822483.51905078	747695.51944742	0.985739868711083	0.0653637213999848
84	"OUMVA"	46418.642878282	-92825.2857565641	-92825.2443772537	-92791.5703560667	6	1300	420	140	0.00132870804493836	0.37659734020637	1.04952635671071e-09	1.00808903648231e-09	2.5201586623158e-17	0	0.895387170157723	864394.518008958
84	"OUMA"	72826.9126361044	-145643.825272209	-145643.795730111	-145615.729105128	5	2e+09	6.3e+07	54000	8.77344415783831e-05	0.465759673776628	1.00020225875423e-09	1.00020225875423e-09	2.60460329517718e-21	0	0.899041096000014	276563592.659202
85	"OUMA"	27926.7409440505	-55843.4818881011	-55843.4523460036	-55815.3857210199	5	4.6e+10	6e+08	-2.5e+07	1.93917784006686e-09	0.255459060723625	4.40135243161254e-05	4.40135243161254e-05	-1070278.14527283	2494162578.49641	0.762567260019928	1112.40950259922
85	"OUMVA"	60972.6168320275	-121933.233664055	-121933.192284745	-121899.518263558	6	1200	510	130	0.00631085438595795	0.693398408813914	1.00066159342598e-09	1.02391792682501e-09	3.80111752183731e-16	950303201.516914	1.09582127643418	9.15149986032126e+23
86	"OUMA"	61974.7612442937	-123939.522488587	-123939.49294649	-123911.426321506	5	9.8e+08	15000	-5.5e+07	7.335721135945e-05	0.301097777449399	1e-09	1e-09	1.19370741326359e-13	4.85216809811784e-10	1.07767969256187	4375.48931218345
87	"OUMA"	45014.3440293209	-90018.6880586418	-90018.6585165443	-89990.5918915606	5	4.4e+10	7.4e+08	1.7e+08	3.17191674150476e-08	0.247313876780803	4.05503202010891e-05	4.05503202010891e-05	5.20493926711605e-09	2.96684821952686e-05	0.804838357804827	5624.17092741902
88	"OUMVA"	69344.712969995	-138677.42593999	-138677.38456068	-138643.710539493	6	5.5e+09	680	340	0.60237440446001	1.28881090279018	1.00044576990742e-09	1.00199035457199e-09	-1.06910902450082e-30	0	1.09582127643418	7.4555516020113e+24
88	"OUMA"	88950.3712130118	-177890.742426024	-177890.712883926	-177862.646258942	5	3.1e+09	9.9e+08	-3.1e+09	9.16287278985116e-05	0.48006760693664	1.12042591723848e-09	1.12042591723848e-09	-3.62340006581723e-16	18.3913112015756	1.09582127643418	15998086777928142
89	"OUMA"	29717.9464197511	-59425.8928395023	-59425.8632974048	-59397.7966724211	5	3.7e+10	8.6e+08	-8.6e+07	2.14195367315817e-08	0.218829575580203	1.71149105750442e-05	1.71149105750442e-05	9.08998552599012e-11	1.14918895120912e-06	0.810142800951871	11699.6871238511
9	"OUMA"	45310.8146482957	-90611.6292965914	-90611.5997544939	-90583.5331295103	5	4.4e+10	1.9e+08	-1.8e+07	6.59314397397998e-09	0.247446420331178	1e-09	1e-09	2.65008653442055e-11	5.8949902295502e-10	0.814598659896569	30.5963564271883
9	"OUMVA"	79587.7375402143	-159163.475080429	-159163.433701118	-159129.759679931	6	1100	380	160	0.406558559626852	1.3750603312612	1.00076782384067e-09	1.10030619843791e-09	-2.28266155468791e-31	358319206645.224	1.09582127643418	5.26864670159867e+34
90	"OUMA"	44216.9122016358	-88423.8244032717	-88423.7948611742	-88395.7282361906	5	1.4e+09	6.1e+07	-4.1e+09	3.77540430424696e-08	0.232391510633301	1.06769870760485e-09	1.06769870760485e-09	1.07287381405904e-11	3.8054447830606e-09	0.813917896491364	280.407532701138
91	"OUMVA"	64801.1205953289	-129590.241190658	-129590.199811348	-129556.525790161	6	1100	500	170	0.176924815877926	0.545731236764004	1.26475856078487e-09	1.03941434936604e-09	-1.11037205994023e-18	7.83850371311596e-05	1.09582127643418	4266807283452.46
91	"OUMA"	84373.7402030097	-168737.480406019	-168737.450863922	-168709.384238938	5	2.1e+09	8e+07	96000	9.85344464144864e-05	0.430596444065639	1.04364433592566e-09	1.04364433592566e-09	-5.60270527635299e-16	4.19009527651861	1.09582127643418	3449078547313375
92	"OUMVA"	53974.5776044808	-107937.155208962	-107937.113829651	-107903.439808464	6	1100	470	180	0.0700466076282777	0.424639064874325	1e-09	1e-09	2.07081947739821e-10	0	1.0071445798875	96949.7285403352
92	"OUMA"	73110.780204718	-146211.560409436	-146211.530867338	-146183.464242355	5	2e+09	9900000	22000	8.2786134328907e-05	0.35210554139936	1e-09	1e-09	8.36842729560528e-09	0	1.04243151539816	155448.825008658
93	"OUMA"	34661.7612993959	-69313.5225987919	-69313.4930566944	-69285.4264317107	5	1.1e+09	140000	-4.7e+09	8.34702370485952e-09	0.233530510452167	1.17348629385059e-09	1.17348629385059e-09	1.11729251109689e-11	7.07018411309803e-12	0.88703747513904	0.561266076422767
93	"OUMVA"	67047.4469988723	-134082.893997745	-134082.852618434	-134049.178597247	6	1200	540	120	0.222480280792301	0.59061594239779	1.11828842876583e-09	1.0000784377764e-09	8781.78250435186	0	0.805098052082917	867345.792860127
94	"OUM"	580.824827197215	-1153.64965439443	-1153.62996935506	-1131.17272072952	4	2.4e+09	-1.8e+09	0	3.36734346070746	3.36734346070746	0.22664803253419	0.22664803253419	0.846656301444182	0.0050773920194478	0.986091750661638	0.00707592478837588
94	"OUMVA"	48844.0444107159	-97676.0888214319	-97676.0474421215	-97642.3734209345	6	5.8e+09	680	340	0.000149102611525594	0.173581270360305	1.01304265463479e-09	0.00133154928626231	291.116357297367	636.06667345997	0.864839479117051	0.155346493822731
94	"OUMA"	72305.4177115754	-144600.835423151	-144600.805881053	-144572.73925607	5	1.3e+09	1e+08	61000	0.000319264595708277	0.542365452937898	1e-09	1e-09	-2.64829447208016e-16	68984.1046466281	1.09582127643418	94170666976495845386
95	"OUMA"	43557.0517109051	-87104.1034218103	-87104.0738797128	-87076.0072547291	5	5.1e+10	5.4e+08	-1.6e+08	5.04696687164854e-09	0.272965283088171	1e-09	1e-09	3.38459451433629e-12	1.01080847216893e-09	0.814765033591506	65.5770333637903
96	"OUMVA"	1290.66472209989	-2569.32944419978	-2569.28806488943	-2535.61404370242	6	27000	520	-380000	0.273453502597071	0.265888727648584	0.00713499669753207	0.0105838726438587	0.857680172097814	0.00495648794882359	0.976065748004189	0.00621063539272177
96	"OUMV"	1340.46505671914	-2670.93011343828	-2670.90057134079	-2642.83394635715	5	27000	520	-380000	2.72013623175337	2.72013623175337	0.0852266909167683	0.0873855263008858	0.847627598951799	0.00345967020734478	0.986582549411608	0.00492819227764303
96	"OUMA"	52709.7250621846	-105409.450124369	-105409.420582272	-105381.353957288	5	4.6e+10	3.6e+08	-6.5e+07	1.61939062481462e-07	0.254569144769268	1.20346242660837e-09	1.20346242660837e-09	-244259.610440501	1621449.26451055	0.858261394946093	0.758806388162168
97	"OUMA"	37717.869112216	-75425.7382244321	-75425.7086823346	-75397.6420573509	5	4e+10	1.2e+09	-3.3e+08	1e-09	0.226333358087385	1.2859920263921e-05	1.2859920263921e-05	-9.81430391312629e-11	2.06967672414862e-07	0.810928296872699	4740.05065348568
97	"OUMVA"	38693.226698763	-77374.453397526	-77374.4120182156	-77340.7379970286	6	1300	430	72	0.0740289119756788	0.349772852838823	0.00294934637945423	0.00958255468879059	-2847900.39115392	44421202480659.2	0.812813444310577	2420402.87107722
98	"OUMVA"	51342.311106965	-102672.62221393	-102672.58083462	-102638.906813433	6	1100	580	90	0.219167131214626	1.05252867266457	1.03703851193573e-09	1.00078005895068e-09	1.21677283974402e-16	0	1.09582127643418	3.39551436781394e+32
98	"OUMA"	66910.7288372149	-133811.45767443	-133811.428132332	-133783.361507349	5	2e+09	1.1e+09	-41000	0.000123874690993194	0.773584430841897	1e-09	1e-09	3.49957907785588e-16	582854510541091	1.09582127643418	8.27280880676613e+29
99	"OUMA"	30565.5205005375	-61121.041001075	-61121.0114589775	-61092.9448339938	5	4.5e+10	1.3e+09	-2.7e+08	1.40032772063758e-08	0.247637983861337	5.06703137376277e-06	5.06703137376277e-06	4.78848661019636e-12	8.60329835285288e-08	0.896113545977824	16100.3130625123
99	"OUMVA"	61965.4574846333	-123918.914969267	-123918.873589956	-123885.199568769	6	1300	510	16	0.34504696749307	0.835160158864268	1.29437721616653e-09	3.37935046712861e-09	2.30419836663095e-23	0	1.09582127643418	2.62863581637e+17
