"id"	"model"	"loglik"	"AIC"	"AICc"	"BIC"	"param.count"	"eigval1"	"eigval2"	"eigval3"	"X0_alpha"	"X1_alpha"	"sigma0"	"X1_sigma.sq"	"theta0"	"theta_se0"	"theta_1"	"theta_se_1"	"fit"	"delta"	"w"	"threshold"
1	"OUM"	-1849.58272354696	3707.16544709393	3707.18521970886	3729.62466855277	4	1700	120	0	0.24427285087464	0.24427285087464	0.222244079501468	0.222244079501468	0.550128509645675	0.0209315638323908	1.09248258629828	0.0906078895919029	3707.18521970886	0	0.606135345962307	"75"
1	"OUMV"	-1836.64726429775	3683.29452859551	3683.32433485482	3711.34631668707	5	1600	140	26	0.244316637092627	0.244316637092627	0.223653375184752	0.153566026885994	0.550985454364926	0.0209943029232794	0.949388811099588	0.079733275515352	3683.32433485482	0	0.695566232403761	"50"
1	"OUMV"	-1827.1144989489	3664.2289978978	3664.25889326402	3692.265905026	5	1600	130	23	0.247109981162591	0.247109981162591	0.225246266055948	0.141366203264485	0.548196055576544	0.0208615218092405	0.886644492302212	0.0806123633294454	3664.25889326402	0	0.809870903895764	"25"
2	"OUMV"	-1687.13203390309	3384.26406780618	3384.29374139669	3412.33809462974	5	1500	210	28	0.15608927005432	0.15608927005432	0.136993481527998	0.0989670901204826	0.574530079306552	0.0241924924564108	1.07877638011593	0.081537413775153	3384.29374139669	0	0.462248883738456	"75"
2	"OUMV"	-1676.09413613081	3362.18827226162	3362.21807852094	3390.24006035319	5	1500	200	25	0.157980477012493	0.157980477012493	0.138091201245072	0.0905788288467233	0.573463550467281	0.023962433324825	0.965415171695278	0.0823271345067399	3362.21807852094	0	0.572991209276002	"50"
2	"OUMV"	-1668.63108898831	3347.26217797663	3347.29207334284	3375.29908510482	5	1500	200	23	0.159478557985953	0.159478557985953	0.139077622675722	0.0804406238712363	0.572959644907538	0.0238242909571203	0.85084212894904	0.0811492889404943	3347.29207334284	0	0.894898460814232	"25"
3	"OUM"	-1976.89006403423	3961.78012806847	3961.7999006834	3984.23934952731	4	5.6e+09	1000	0	3.43829118269231	3.43829118269231	2.87264382282304	2.87264382282304	0.499261115086875	0.0147953663801839	1.00142048847139	0.0761544097273576	3961.7999006834	0	0.727391323809739	"75"
3	"OUM"	-1961.29538456123	3930.59076912246	3930.61063009565	3953.03219959571	4	5.6e+09	1000	0	3.43829199374899	3.43829199374899	2.85344766441196	2.85344766441196	0.499168141427483	0.0147410731770176	0.881690794054963	0.082416274959004	3930.61063009565	0	0.503425971044689	"50"
3	"OUMV"	-1950.40236687453	3910.80473374906	3910.83462911528	3938.84164087726	5	5.6e+09	980	29	3.43828598487688	3.43828598487688	2.8757834130396	1.84936660662053	0.499159904527303	0.0148017742642096	0.783820302697456	0.0691865690783488	3910.83462911528	0	0.802457425570389	"25"
4	"OUMV"	-1864.06901090888	3738.13802181777	3738.16769540827	3766.21204864132	5	1600	160	27	0.177927073015382	0.177927073015382	0.175569752257525	0.128501195586811	0.562141791476895	0.0229861910948086	1.07082806626106	0.0844906773250603	3738.16769540827	0	0.577242856929939	"75"
4	"OUMV"	-1851.39041130694	3712.78082261389	3712.8106288732	3740.83261070545	5	1600	140	24	0.180992049467906	0.180992049467906	0.177695168099627	0.110506990001747	0.559822759269832	0.0227488787349617	0.959495454825416	0.0817811297089538	3712.8106288732	0	0.850666404670695	"50"
4	"OUMV"	-1842.87967270897	3695.75934541795	3695.78924078417	3723.79625254615	5	1600	140	22	0.18163545252971	0.18163545252971	0.177814173035974	0.0996801759328172	0.558537555782515	0.0226826740548734	0.879273318809172	0.0835439736227456	3695.78924078417	0	0.917003886095484	"25"
5	"OUMV"	-1697.74390845412	3405.48781690824	3405.51749049875	3433.5618437318	5	1500	220	28	0.144777979159811	0.144777979159811	0.131625942931099	0.0896321715397553	0.60503865640705	0.0263854383280335	1.13846026024457	0.0781379464191652	3405.51749049875	0	0.745732041908419	"75"
5	"OUMV"	-1685.94739436885	3381.8947887377	3381.92459499702	3409.94657682927	5	1500	220	24	0.145305763582479	0.145305763582479	0.13207044743788	0.0767903008202125	0.606423012966152	0.0263434425235541	0.975626986822556	0.0784520015324503	3381.92459499702	0	0.921312276036783	"50"
5	"OUMV"	-1677.0054774667	3364.0109549334	3364.04085029962	3392.0478620616	5	1500	210	23	0.146256407142295	0.146256407142295	0.132367130223784	0.0663865236371401	0.60488838267776	0.0261758561002514	0.889048043128404	0.0768910682739636	3364.04085029962	0	0.97824642378664	"25"
6	"OUM"	-2042.92064047999	4093.84128095999	4093.86105357492	4116.30050241883	4	5.9e+09	1000	0	3.30294925655931	3.30294925655931	2.93618602035926	2.93618602035926	0.496851210272383	0.0152542566622223	1.02994221582247	0.0800700449272391	4093.86105357492	0	0.657758155446607	"75"
6	"OUMV"	-2026.36281591179	4062.72563182358	4062.7554380829	4090.77741991514	5	5.9e+09	980	31	3.30291884092479	3.30291884092479	2.94991506506608	1.99952540926857	0.496610213553544	0.0152876377909944	0.905782417381038	0.0714812204090386	4062.7554380829	0	0.736574348682356	"50"
6	"OUMV"	-2016.88218022943	4043.76436045886	4043.79425582508	4071.80126758706	5	5.9e+09	980	29	3.30295042751907	3.30295042751907	2.94847930555236	1.73668212517444	0.496703304233987	0.0152857171165071	0.807966466489741	0.0696861107479783	4043.79425582508	0	0.908923083562632	"25"
7	"OUMV"	-1728.4199967364	3466.83999347279	3466.8696670633	3494.91402029635	5	1500	210	27	0.154910073980956	0.154910073980956	0.141900685062151	0.103806430774355	0.598547220236317	0.0249282379861608	1.07099314180391	0.0813408405273531	3466.8696670633	0	0.486759521225837	"75"
7	"OUMV"	-1716.47768080632	3442.95536161264	3442.98516787196	3471.0071497042	5	1500	200	23	0.155581622555576	0.155581622555576	0.142474431709982	0.0862203711661363	0.598956233209547	0.0248616949999881	0.947371509092223	0.0789862186890256	3442.98516787196	0	0.653219242100473	"50"
7	"OUMV"	-1707.43774516171	3424.87549032342	3424.90538568964	3452.91239745162	5	1500	200	22	0.157891705747631	0.157891705747631	0.143709116210874	0.0755275682443415	0.596451346798229	0.0245869793958211	0.854741047943276	0.0789071385393428	3424.90538568964	0	0.579982380775441	"25"
8	"OUM"	-1960.2295811913	3928.4591623826	3928.47893499753	3950.91838384145	4	6.2e+09	1000	0	3.2356170149216	3.2356170149216	2.67547600523136	2.67547600523136	0.497892915196128	0.014777722816425	1.016480558271	0.075071360987665	3928.47893499753	0	0.999999999625645	"75"
8	"OUM"	-1946.09113346087	3900.18226692174	3900.20212789493	3922.62369739499	4	6.2e+09	1000	0	3.23561457252926	3.23561457252926	2.66129358091612	2.66129358091612	0.498343685566212	0.0147368695077507	0.87889583177944	0.0805110139304681	3900.20212789493	0	0.525448515084109	"50"
8	"OUMV"	-1935.51508554596	3881.03017109192	3881.06006645813	3909.06707822012	5	6.2e+09	980	29	3.23561248212812	3.23561248212812	2.6822619632125	1.7426210177836	0.49866627950721	0.0147928214938997	0.781656490795796	0.068559367957773	3881.06006645813	0	0.783833660126344	"25"
9	"OUM"	-1703.04228987429	3414.08457974858	3414.10435236351	3436.54380120743	4	1500	210	0	0.129757790860544	0.129757790860544	0.117337340478817	0.117337340478817	0.602521521433423	0.0266311369998413	1.09382663081215	0.0974497997204917	3414.10435236351	0	0.509295215793054	"75"
9	"OUMV"	-1690.97743491823	3391.95486983646	3391.98467609577	3420.00665792802	5	1500	220	26	0.129640753504445	0.129640753504445	0.118184089269899	0.0806040916077765	0.602760674236277	0.0267523620625085	0.97800332049696	0.0880331172466838	3391.98467609577	0	0.544604713650429	"50"
9	"OUMV"	-1684.3068619085	3378.61372381701	3378.64361918322	3406.65063094521	5	1500	220	24	0.130080963156841	0.130080963156841	0.118460231797046	0.073758121409136	0.602806722842677	0.026681031351598	0.875017670131397	0.0903012712373934	3378.64361918322	0	0.79418451955847	"25"
10	"OUMV"	-1647.23957551104	3304.47915102208	3304.50882461258	3332.55317784564	5	1400	260	25	0.109760911449912	0.109760911449912	0.10553723008665	0.0671034234962018	0.645116028417422	0.0322984682736693	1.13825937724551	0.0842771567395692	3304.50882461258	0	0.660109648168429	"75"
10	"OUMV"	-1635.64592875097	3281.29185750195	3281.32166376126	3309.34364559351	5	1400	260	22	0.11099524342474	0.11099524342474	0.106142186944189	0.0591408171056402	0.642306690107114	0.0319951323433154	1.00795726340061	0.0828145311939116	3281.32166376126	0	0.933892891835239	"50"
10	"OUMV"	-1627.58767106933	3265.17534213865	3265.20523750487	3293.21224926685	5	1400	250	20	0.111457777909866	0.111457777909866	0.106387197400794	0.0522996322396102	0.641354533708002	0.0318784273683296	0.905302684573602	0.084101044304305	3265.20523750487	0	0.583593756662774	"25"
11	"OUM"	-1931.49401976753	3870.98803953506	3871.00790050825	3893.42947000831	4	2000	3.3	0	2.68953439587944	2.68953439587944	2.17185057725588	2.17185057725588	0.498280910775929	0.0146042729679908	0.867858755267692	0.0795999772289622	3871.00790050825	0	0.999999455578673	"50"
11	"OUM"	-1922.66107064316	3853.32214128632	3853.34206160505	3875.75166698888	4	2000	3.1	0	2.86758662852158	2.86758662852158	2.30628701424039	2.30628701424039	0.498220852089669	0.0145582219248845	0.777679467089188	0.0835851268234601	3853.34206160505	0	0.987891983648062	"25"
11	"OUMV"	-1957.51565374829	3925.03130749658	3925.06098108709	3953.10533432014	5	1700	70	15	0.305368763851189	0.305368763851189	0.293105944682396	0.219565503663337	0.538893832656957	0.0192280488896014	1.10473105907603	0.0795465859020562	3925.06098108709	0	0.519092497063463	"75"
12	"OUMV"	-1654.13301959541	3318.26603919082	3318.29571278132	3346.34006601437	5	1500	230	29	0.143197465132991	0.143197465132991	0.124938973277817	0.0935767201711536	0.580645584813511	0.0251769471682231	1.02800472894872	0.0851702118748614	3318.29571278132	0	0.560343824329823	"75"
12	"OUMV"	-1646.22325500669	3302.44651001337	3302.47631627269	3330.49829810494	5	1500	220	25	0.145603378259313	0.145603378259313	0.126209569348525	0.0881985829110478	0.5792493850088	0.0248428571453754	0.959769257043532	0.0852886265236383	3302.47631627269	0	0.638503861968201	"50"
12	"OUMV"	-1639.08177250188	3288.16354500376	3288.19344036998	3316.20045213196	5	1500	210	21	0.146725966744123	0.146725966744123	0.12669286665231	0.0834020273397933	0.57763528648085	0.0246770131322151	0.892285938280574	0.0906909340530593	3288.19344036998	0	0.671282385612739	"25"
13	"OUMV"	-1855.39673333986	3720.79346667973	3720.82314027023	3748.86749350329	5	1700	150	27	0.252722905127791	0.252722905127791	0.232262207617895	0.176362209354086	0.551265888443447	0.0203599662021397	1.09316458764879	0.0775413863879356	3720.82314027023	0	0.520354402346171	"75"
13	"OUMV"	-1843.21605469928	3696.43210939856	3696.46191565787	3724.48389749012	5	1700	130	24	0.258547285464462	0.258547285464462	0.23625176321454	0.162430646957425	0.549727950989589	0.0201410704916902	0.972882159201351	0.0781196762532919	3696.46191565787	0	0.668091057464439	"50"
13	"OUMV"	-1833.37978355855	3676.75956711711	3676.78946248332	3704.79647424531	5	1700	130	22	0.257916699896152	0.257916699896152	0.236398683895476	0.125463650623579	0.550265198121446	0.0201772164346855	0.876517083113551	0.0744682844149823	3676.78946248332	0	0.683816226248706	"25"
14	"OUM"	-1640.1448599599	3288.28971991981	3288.30949253473	3310.74894137865	4	1500	180	0	0.159179369659275	0.159179369659275	0.133511098621273	0.133511098621273	0.585917410453018	0.0249420909173885	1.0871071604529	0.0910460301705584	3288.30949253473	0	0.606216563205437	"75"
14	"OUMV"	-1626.98899663881	3263.97799327763	3264.00779953694	3292.02978136919	5	1500	200	26	0.158596042752708	0.158596042752708	0.133913646955909	0.0922144142766193	0.586934546569585	0.0250860034929778	0.952804252763528	0.0798523588797528	3264.00779953694	0	0.683667987560277	"50"
14	"OUMV"	-1619.01029435907	3248.02058871814	3248.05048408435	3276.05749584633	5	1500	200	23	0.159887599992877	0.159887599992877	0.134685195481811	0.0812398454218436	0.585261049939418	0.0249282743317363	0.876843854304038	0.0802987411282628	3248.05048408435	0	0.851892448910364	"25"
15	"OUM"	-1877.62086595347	3763.24173190693	3763.26150452186	3785.70095336578	4	1700	100	0	0.237643453298753	0.237643453298753	0.217986987567604	0.217986987567604	0.547031343641862	0.0201972514181278	1.07331281690722	0.0884776540086358	3763.26150452186	0	0.415244499403107	"75"
15	"OUMV"	-1863.73320974746	3737.46641949492	3737.49622575423	3765.51820758648	5	1700	130	24	0.236506376442185	0.236506376442185	0.219140823428857	0.137647031515239	0.547648550021057	0.0203362236203657	0.944101103029417	0.0758366498394604	3737.49622575423	0	0.851195036962777	"50"
15	"OUMV"	-1855.78185409524	3721.56370819047	3721.59360355669	3749.60061531867	5	1700	120	22	0.239646500625757	0.239646500625757	0.221427302148179	0.121618114439854	0.548227765498848	0.0201966175596366	0.826292399534752	0.0761940384972288	3721.59360355669	0	0.941609860899521	"25"
16	"OUM"	-1718.91750018387	3445.83500036773	3445.85477298266	3468.29422182658	4	1600	190	0	0.161918865528501	0.161918865528501	0.147497898912521	0.147497898912521	0.58406639619358	0.024401901031369	1.14629819920143	0.0943176874487372	3445.85477298266	0	0.645417853385403	"75"
16	"OUM"	-1708.15654763111	3424.31309526222	3424.3329562354	3446.75452573547	4	1600	190	0	0.163109280288107	0.163109280288107	0.148002265330357	0.148002265330357	0.58504862299238	0.0242386951063727	0.986778288585425	0.103007635367747	3424.3329562354	0	0.6830744255023	"50"
16	"OUM"	-1700.66758802744	3409.33517605488	3409.35509637361	3431.76470175744	4	1600	190	0	0.163681508187046	0.163681508187046	0.148147317852257	0.148147317852257	0.583950837762576	0.024182979896281	0.883842086011341	0.108951370617578	3409.35509637361	0	0.677026150613685	"25"
17	"OUM"	-1958.51117403774	3925.02234807547	3925.0421206904	3947.48156953432	4	5.7e+09	50000	0	3.37081125035828	3.37081125035828	2.78374526941323	2.78374526941323	0.500940663741431	0.0147391029445371	1.02048288231787	0.0768275739436497	3925.0421206904	0	0.981346516726889	"75"
17	"OUM"	-1947.42138695854	3902.84277391707	3902.86263489026	3925.28420439032	4	5.7e+09	1000	0	3.37100463397838	3.37100463397838	2.77214529064095	2.77214529064095	0.500464817966876	0.014708304911005	0.864043921701605	0.0803115396705776	3902.86263489026	0	0.517578282787974	"50"
17	"OUMV"	-1936.2151194591	3882.4302389182	3882.46013428441	3910.4671460464	5	5.7e+09	980	29	3.3710016239948	3.3710016239948	2.79135841251295	1.82935979652844	0.500383233008495	0.0147564704768092	0.780817595791768	0.0692754562315876	3882.46013428441	0	0.770239112784921	"25"
18	"OUMV"	-1770.51376600472	3551.02753200944	3551.05720559994	3579.10155883299	5	1500	230	26	0.144370292120003	0.144370292120003	0.136331599113186	0.0945357171347704	0.598440140245953	0.0260293813813543	1.0853780549378	0.0811364037835208	3551.05720559994	0	0.563716718612417	"75"
18	"OUMV"	-1756.77135923222	3523.54271846444	3523.57252472375	3551.594506556	5	1500	220	24	0.1458485022916	0.1458485022916	0.137265745966169	0.0761564519135222	0.597522371479813	0.0258084395290726	0.957666645659304	0.0780739374145364	3523.57252472375	0	0.950958429235851	"50"
18	"OUMV"	-1750.41266883639	3510.82533767278	3510.855233039	3538.86224480098	5	1500	210	22	0.146814052132669	0.146814052132669	0.13780478160772	0.0712984661700068	0.598651479892405	0.0256808886558474	0.833389812765352	0.0799546926699813	3510.855233039	0	0.502305048978565	"25"
19	"OUM"	-1938.53292741488	3885.06585482977	3885.0856274447	3907.52507628861	4	1900	7.9	0	0.783174251555058	0.783174251555058	0.66081301018481	0.66081301018481	0.504266075509514	0.0157263830541839	1.03603132033427	0.0794321409628429	3885.0856274447	0	0.906835802265147	"75"
19	"OUM"	-1923.85448363287	3855.70896726573	3855.72882823892	3878.15039773898	4	1900	9.3	0	0.851034187575092	0.851034187575092	0.709953162416449	0.709953162416449	0.50246701959827	0.0155453255753935	0.912308070989557	0.0835157637952554	3855.72882823892	0	0.999973631562882	"50"
19	"OUM"	-1916.68800870325	3841.3760174065	3841.39593772522	3863.80554310906	4	1900	9.2	0	0.881150768380692	0.881150768380692	0.732502637040692	0.732502637040692	0.502918597556377	0.0154783461014838	0.794716091988624	0.0879019617449144	3841.39593772522	0	0.707024584422694	"25"
20	"OUM"	-2191.06548318468	4390.13096636937	4390.15082734256	4412.57239684262	4	5.6e+09	1000	0	3.42691719759728	3.42691719759728	3.56338465535399	3.56338465535399	0.497283884998546	0.01651678183412	0.867107225868473	0.0904937337300963	4390.15082734256	0	0.999125257201755	"50"
20	"OUMV"	-2203.83175512276	4417.66351024551	4417.69318383602	4445.73753706907	5	5.6e+09	980	37	3.42689730758078	3.42689730758078	3.60847207097414	2.76644545241786	0.497233100608369	0.0166191295936054	1.00174242832317	0.0748877414994931	4417.69318383602	0	0.537286871684827	"75"
20	"OUMV"	-2177.59440104657	4365.18880209314	4365.21869745936	4393.22570922134	5	5.6e+09	980	29	3.42686322606253	3.42686322606253	3.60790179358091	1.85275878329948	0.497213298017132	0.016617114899134	0.780543499791596	0.0687081288156402	4365.21869745936	0	0.983523859801951	"25"
21	"OUM"	-1917.0431021716	3842.0862043432	3842.10597695812	3864.54542580204	4	1800	61	0	0.345623512858608	0.345623512858608	0.312347279460097	0.312347279460097	0.528887340114181	0.0184132900771977	1.09690004806894	0.08742896398072	3842.10597695812	0	0.683128334091723	"75"
21	"OUMV"	-1902.18591088865	3814.3718217773	3814.40162803661	3842.42360986886	5	1700	81	22	0.351719535540691	0.351719535540691	0.318084469304465	0.235537876016719	0.526928643883703	0.0183460610543712	0.976826485909249	0.0795220355131591	3814.40162803661	0	0.554566485371205	"50"
21	"OUMV"	-1894.41580936023	3798.83161872046	3798.86151408668	3826.86852584866	5	1700	75	21	0.354360471358873	0.354360471358873	0.320404519831381	0.207814830595209	0.527048449019242	0.0183215003417766	0.861840738824188	0.0790397862325638	3798.86151408668	0	0.767723706927474	"25"
22	"OUMV"	-1782.74566753727	3575.49133507455	3575.52100866505	3603.5653618981	5	1600	170	33	0.194377484005503	0.194377484005503	0.169790985791398	0.232690409618498	0.553483405006362	0.0213709628888555	1.0740971379525	0.105096501886434	3575.52100866505	0	0.697671691208603	"75"
22	"OUMV"	-1770.63294487542	3551.26588975084	3551.29569601015	3579.3176778424	5	1600	170	29	0.196045792076823	0.196045792076823	0.170572797317279	0.233146189182889	0.551780036682663	0.0212459386015144	0.981739450250274	0.112352068533907	3551.29569601015	0	0.627208249819999	"50"
22	"OUMV"	-1763.93912027263	3537.87824054525	3537.90813591147	3565.91514767345	5	1600	170	28	0.197984062348797	0.197984062348797	0.1718323306033	0.233200896144187	0.551465025633254	0.0211444064380854	0.861298311494394	0.116563403008126	3537.90813591147	0	0.587696484757123	"25"
23	"OUM"	-1787.18292460241	3582.36584920482	3582.38562181975	3604.82507066366	4	1600	160	0	0.220866646970608	0.220866646970608	0.199638841766185	0.199638841766185	0.565843521098638	0.0220659695217763	1.08481829864384	0.0920040538380369	3582.38562181975	0	0.731099785635325	"75"
23	"OUM"	-1774.57665385596	3557.15330771193	3557.17316868512	3579.59473818518	4	1600	160	0	0.222637652609591	0.222637652609591	0.200118759267289	0.200118759267289	0.565141823891054	0.021928505713682	0.940869440539161	0.0998341475978271	3557.17316868512	0	0.68612902022548	"50"
23	"OUM"	-1769.81224392811	3547.62448785623	3547.64440817495	3570.05401355879	4	1600	160	0	0.223498758061275	0.223498758061275	0.200398943046148	0.200398943046148	0.564529327252113	0.0218645077508504	0.887940604126451	0.104144680323004	3547.64440817495	0	0.662982032636195	"25"
24	"OUM"	-1950.48371893757	3908.96743787513	3908.98721049006	3931.42665933398	4	6e+09	1000	0	3.29313978016472	3.29313978016472	2.66725689580858	2.66725689580858	0.497041773160162	0.0145452940834028	1.02158570425466	0.0766543982856656	3908.98721049006	0	0.993174972877076	"75"
24	"OUM"	-1935.98455751747	3879.96911503494	3879.98897600813	3902.41054550819	4	6e+09	1000	0	3.2931191168998	3.2931191168998	2.65153007130501	2.65153007130501	0.497153903783967	0.0144983112744248	0.897451948579427	0.0823532429879304	3879.98897600813	0	0.997152238745369	"50"
24	"OUM"	-1927.72531773435	3863.4506354687	3863.47055578743	3885.88016117126	4	6e+09	1000	0	3.29313853725787	3.29313853725787	2.64541531884204	2.64541531884204	0.497254972285497	0.0144867587514593	0.79467848318064	0.0856755337605414	3863.47055578743	0	0.95265223148561	"25"
25	"OUM"	-1951.57391193957	3911.14782387915	3911.16759649407	3933.60704533799	4	5.7e+09	1000	0	3.38490487453424	3.38490487453424	2.75655847396029	2.75655847396029	0.495066836350867	0.0146091281271265	1.00681172994023	0.07537267567797	3911.16759649407	0	0.999999999212347	"75"
25	"OUM"	-1936.50369518433	3881.00739036866	3881.02725134185	3903.44882084192	4	5.7e+09	1000	0	3.38491106263065	3.38491106263065	2.73910853530616	2.73910853530616	0.495091925849355	0.0145640614228205	0.872651351446521	0.0801207729911338	3881.02725134185	0	0.999562867294675	"50"
25	"OUMV"	-1926.03668657272	3862.07337314544	3862.10326851166	3890.11028027364	5	5.7e+09	980	29	3.38479325502654	3.38479325502654	2.75605292886975	1.91015941998219	0.495102183553999	0.0146101494148318	0.78077556889905	0.0700352848616697	3862.10326851166	0	0.668842047754135	"25"
26	"OUMV"	-1910.36389940414	3830.72779880828	3830.75747239878	3858.80182563183	5	1700	120	33	0.259814167223405	0.259814167223405	0.240506094996207	0.324984152429583	0.534576281585969	0.019950181393028	1.07857713098366	0.10555812068862	3830.75747239878	0	0.664309577908072	"75"
26	"OUMV"	-1899.14681842595	3808.29363685189	3808.32344311121	3836.34542494346	5	1700	110	29	0.263548083637472	0.263548083637472	0.243143284850465	0.324102028747115	0.533609826512915	0.019823428396224	0.959307742008003	0.111237332682384	3808.32344311121	0	0.578831392717216	"50"
26	"OUMV"	-1892.33502937974	3794.67005875948	3794.69995412569	3822.70696588767	5	1700	110	27	0.264212925548855	0.264212925548855	0.243724876988312	0.32670252852701	0.533387670593287	0.0198074002634452	0.874110238089996	0.118316841835514	3794.69995412569	0	0.555775338607993	"25"
27	"OUM"	-1959.51519366996	3927.03038733992	3927.05015995484	3949.48960879876	4	5.6e+09	1000	0	3.43468860639835	3.43468860639835	2.81305655654508	2.81305655654508	0.498365508868186	0.0146642633579177	1.02338624625179	0.077031209145133	3927.05015995484	0	0.728473865367946	"75"
27	"OUM"	-1945.04981191541	3898.09962383083	3898.11948480401	3920.54105430408	4	5.6e+09	1000	0	3.43468082842206	3.43468082842206	2.79733335776736	2.79733335776736	0.498511100497501	0.0146258054000103	0.879846130177122	0.081412342662045	3898.11948480401	0	0.918766454335699	"50"
27	"OUM"	-1936.27396813281	3880.54793626562	3880.56785658435	3902.97746196818	4	5.6e+09	1000	0	3.43468512243119	3.43468512243119	2.78909098271112	2.78909098271112	0.498447135414914	0.0146058328326414	0.790810071696891	0.0856505695463545	3880.56785658435	0	0.990385357554778	"25"
28	"OUMV"	-1644.46712280773	3298.93424561546	3298.96391920596	3327.00827243901	5	1400	270	23	0.110080868069916	0.110080868069916	0.103551050325387	0.0694824325020217	0.671730584628252	0.0301575801799131	1.14914245012756	0.086295548442253	3298.96391920596	0	0.692378990131801	"75"
28	"OUMV"	-1634.34566872691	3278.69133745383	3278.72114371314	3306.74312554539	5	1400	260	19	0.11001300144739	0.11001300144739	0.103505637622136	0.0571237042834098	0.673373482851196	0.0301784887860984	1.02116420322959	0.0844938248145706	3278.72114371314	0	0.890119480145318	"50"
28	"OUMV"	-1627.81537491621	3265.63074983243	3265.66064519864	3293.66765696062	5	1400	250	15	0.111464302126917	0.111464302126917	0.104510974261617	0.0542633547907913	0.671216917651859	0.0298633255742737	0.90058411140703	0.0875700618620388	3265.66064519864	0	0.85216997657965	"25"
29	"OUMV"	-1927.01417912172	3864.02835824345	3864.05803183395	3892.102385067	5	1700	80	35	0.237459475631581	0.237459475631581	0.217842238146508	0.726847463645089	0.536873197858255	0.020020069384107	1.07306136137582	0.161813981494876	3864.05803183395	0	0.999999999866139	"75"
29	"OUMV"	-1914.64855494538	3839.29710989076	3839.32691615008	3867.34889798233	5	1700	81	32	0.235966290014924	0.235966290014924	0.216679576018308	0.770230345700036	0.537406144488273	0.0200700627698572	0.945771455730954	0.177377882092005	3839.32691615008	0	0.999999998066397	"50"
29	"OUMV"	-1908.52708815921	3827.05417631843	3827.08407168465	3855.09108344663	5	1700	80	27	0.235300948124361	0.235300948124361	0.216410547338747	0.858748340949882	0.537566184455605	0.0201076090801141	0.849364797087482	0.199808293195297	3827.08407168465	0	0.999999999840457	"25"
30	"OUM"	-1997.28309396819	4002.56618793637	4002.5859605513	4025.02540939522	4	5.8e+09	1000	0	3.36143792281147	3.36143792281147	2.86681149696076	2.86681149696076	0.497683962980653	0.0150044163302936	1.00365610183309	0.076988045738677	4002.5859605513	0	0.719326600739921	"75"
30	"OUMV"	-1981.26589558631	3972.53179117261	3972.56159743193	4000.58357926418	5	5.8e+09	980	33	3.36135291551038	3.36135291551038	2.87406956052627	2.13476571151948	0.49772512125497	0.0150279660267727	0.86297486992924	0.0703353469832851	3972.56159743193	0	0.566642066089092	"50"
30	"OUMV"	-1971.0343899241	3952.06877984819	3952.09867521441	3980.10568697639	5	5.8e+09	980	29	3.36143832247193	3.36143832247193	2.87299847265053	1.811208543784	0.497731236007702	0.0150232531723819	0.776298544602689	0.0683100909852428	3952.09867521441	0	0.835591257151127	"25"
31	"OUM"	-1913.41089935894	3834.82179871788	3834.8415713328	3857.28102017672	4	1700	93	0	0.270887897765642	0.270887897765642	0.25098498168012	0.25098498168012	0.540440934408055	0.0195738964792861	1.0908425774422	0.0889206006930348	3834.8415713328	0	0.592392157938231	"75"
31	"OUMV"	-1898.0439056475	3806.08781129499	3806.11761755431	3834.13959938656	5	1700	120	25	0.27011474639046	0.27011474639046	0.252588909691677	0.158097274070695	0.5402371137375	0.0196875703452919	0.952665966654262	0.074645498007144	3806.11761755431	0	0.869876889474958	"50"
31	"OUMV"	-1891.21997247657	3792.43994495313	3792.46984031935	3820.47685208133	5	1700	110	22	0.272916437693404	0.272916437693404	0.254394002834176	0.149775779600782	0.541437063752966	0.0195683904045017	0.838482678988199	0.0778437413424717	3792.46984031935	0	0.886252518174571	"25"
32	"OUM"	-1959.11227391554	3926.22454783109	3926.24432044602	3948.68376928993	4	5.6e+09	1000	0	3.41114216237518	3.41114216237518	2.80272816164555	2.80272816164555	0.498794359897132	0.0146986239505317	1.01425901889986	0.0768827411649739	3926.24432044602	0	0.729098867005494	"75"
32	"OUM"	-1944.39822911634	3896.79645823268	3896.81631920587	3919.23788870593	4	5.6e+09	1000	0	3.41113636888267	3.41113636888267	2.78591653309318	2.78591653309318	0.49881593222854	0.0146566741584503	0.877681288115192	0.0814304285123545	3896.81631920587	0	0.528352227719248	"50"
32	"OUMV"	-1933.3693932772	3876.7387865544	3876.76868192062	3904.7756936826	5	5.6e+09	980	29	3.4111119559452	3.4111119559452	2.80610623186173	1.83289543995783	0.498715297162808	0.0147120325544289	0.785850843853654	0.0691645370059686	3876.76868192062	0	0.778822429959688	"25"
33	"OUM"	-1775.89783539772	3559.79567079543	3559.81544341036	3582.25489225428	4	1700	160	0	0.203075452090423	0.203075452090423	0.179634546678659	0.179634546678659	0.555299046545544	0.0220381991420411	1.15515856548178	0.0894841379019584	3559.81544341036	0	0.580832767853361	"75"
33	"OUM"	-1765.68928623487	3539.37857246973	3539.39843344292	3561.82000294298	4	1600	160	0	0.204784127589045	0.204784127589045	0.180546243087643	0.180546243087643	0.556740557758164	0.021897530676044	0.992168069762402	0.0968075198708333	3539.39843344292	0	0.57397290645716	"50"
33	"OUMV"	-1755.5038293065	3521.007658613	3521.03755397922	3549.0445657412	5	1600	170	23	0.204869242776943	0.204869242776943	0.182004134743078	0.116131187684704	0.55544416877074	0.0219928646926044	0.912742683513792	0.0838425988157885	3521.03755397922	0	0.510096974492605	"25"
34	"OUM"	-1945.84522255124	3899.69044510248	3899.71021771741	3922.14966656133	4	1800	23	0	0.346028505944986	0.346028505944986	0.317566484644053	0.317566484644053	0.534199745631306	0.0183490971064441	1.07710099879757	0.0872759066765495	3899.71021771741	0	0.535148408602156	"75"
34	"OUMV"	-1931.15238993583	3872.30477987166	3872.33458613097	3900.35656796322	5	1700	63	13	0.336556338389283	0.336556338389283	0.312734031841461	0.198702182547433	0.536295680547497	0.0185898315460938	0.923451586074692	0.0743366191352603	3872.33458613097	0	0.823209412523899	"50"
34	"OUMV"	-1922.56002630083	3855.12005260166	3855.14994796787	3883.15695972985	5	1700	51	9.8	0.352878919602312	0.352878919602312	0.325194137057644	0.184030712551366	0.53351385868109	0.0182985821495515	0.842244945281948	0.0747474173980982	3855.14994796787	0	0.922374165890047	"25"
35	"OUM"	-1795.74616275595	3599.49232551191	3599.51209812683	3621.95154697075	4	1600	190	0	0.180863172387542	0.180863172387542	0.170688294787639	0.170688294787639	0.587589185669689	0.0249011148263521	1.08687413681238	0.0957669958243576	3599.51209812683	0	0.712671251032225	"75"
35	"OUM"	-1785.75383528338	3579.50767056675	3579.52753153994	3601.94910104	4	1600	190	0	0.18248292135762	0.18248292135762	0.171465760046163	0.171465760046163	0.587170665960895	0.0247087204085614	0.960656318526859	0.103922484484226	3579.52753153994	0	0.558232592591067	"50"
35	"OUM"	-1779.91435714982	3567.82871429964	3567.84863461837	3590.2582400022	4	1600	190	0	0.18327220213388	0.18327220213388	0.17188036086119	0.17188036086119	0.585970589321802	0.0246510990721299	0.881764929293718	0.107915499387482	3567.84863461837	0	0.614010421950572	"25"
36	"OUMV"	-1840.20665475753	3690.41330951507	3690.44298310557	3718.48733633862	5	1600	180	28	0.22341022413641	0.22341022413641	0.206805939327128	0.154656563904072	0.538146217137857	0.0215238655406924	1.05372072861738	0.0787629555231685	3690.44298310557	0	0.56599093357406	"75"
36	"OUMV"	-1827.86724496109	3665.73448992218	3665.7642961815	3693.78627801375	5	1600	170	25	0.224623396409314	0.224623396409314	0.20733289676394	0.129246833824436	0.53849444661191	0.0214258724406847	0.941789848233829	0.0770947502797781	3665.7642961815	0	0.84636717062375	"50"
36	"OUMV"	-1819.99431058059	3649.98862116119	3650.0185165274	3678.02552828938	5	1600	160	22	0.228451548124997	0.228451548124997	0.210376438763435	0.118256422302967	0.537583087190511	0.0212651004935582	0.847597659842232	0.0773974411376907	3650.0185165274	0	0.922469642821388	"25"
37	"OUM"	-1968.00346081359	3944.00692162718	3944.02669424211	3966.46614308602	4	5.6e+09	1000	0	3.41437871199013	3.41437871199013	2.81981885193094	2.81981885193094	0.49786142952118	0.0147295631756439	1.01748573149423	0.0767486540178033	3944.02669424211	0	0.995374398968246	"75"
37	"OUM"	-1952.11076749309	3912.22153498618	3912.24139595936	3934.66296545943	4	5.6e+09	1000	0	3.41438269880111	3.41438269880111	2.80003940215039	2.80003940215039	0.497335907748593	0.0146753940232224	0.908752312260917	0.0828162972315454	3912.24139595936	0	0.65928125507915	"50"
37	"OUMV"	-1942.21830890143	3894.43661780286	3894.46651316908	3922.47352493106	5	5.6e+09	980	28	3.41434807111599	3.41434807111599	2.82251455585845	1.84731515554501	0.497539303220919	0.0147391788131241	0.800796110655378	0.0703126508523989	3894.46651316908	0	0.753626928755686	"25"
38	"OUMV"	-1812.65311747451	3635.30623494902	3635.33590853952	3663.38026177257	5	1600	200	28	0.207142150415501	0.207142150415501	0.187403844723046	0.143446126671712	0.557863319721752	0.0218162300910695	1.06823109151776	0.0793761769090368	3635.33590853952	0	0.508785658135614	"75"
38	"OUMV"	-1799.74894055012	3609.49788110024	3609.52768735956	3637.54966919181	5	1600	190	25	0.210164790621125	0.210164790621125	0.189319793373838	0.123372038825353	0.556291299220174	0.0216275059175645	0.959969762617119	0.0794485007533249	3609.52768735956	0	0.761749852628937	"50"
38	"OUMV"	-1791.83092746672	3593.66185493345	3593.69175029967	3621.69876206165	5	1600	190	23	0.211308651156702	0.211308651156702	0.19006031421832	0.110458768504853	0.554760749843271	0.021570245888649	0.879361774154432	0.0782277062909609	3593.69175029967	0	0.879275232315085	"25"
39	"OUM"	-1845.25976015647	3698.51952031295	3698.53929292788	3720.97874177179	4	1700	160	0	0.216508777551577	0.216508777551577	0.199977628185782	0.199977628185782	0.553961061457765	0.0217867211966103	1.10551305165192	0.090118452081182	3698.53929292788	0	0.68433916421093	"75"
39	"OUM"	-1825.6047417648	3659.20948352961	3659.22940384833	3681.63900923217	4	1700	160	0	0.218993428475969	0.218993428475969	0.200799448581368	0.200799448581368	0.552999181854965	0.0215811816218846	0.892438227593789	0.103608147055844	3659.22940384833	0	0.98336913930414	"25"
39	"OUMV"	-1832.00823660694	3674.01647321388	3674.04627947319	3702.06826130544	5	1600	170	27	0.217424291507785	0.217424291507785	0.201470531867367	0.152253241386087	0.554144406709844	0.0217595533396364	0.973003009927675	0.0860982271209382	3674.04627947319	0	0.502899697126164	"50"
40	"OUM"	-1936.18594320073	3880.37188640147	3880.39174737466	3902.81331687472	4	6.2e+09	1000	0	3.2131383599251	3.2131383599251	2.5960949690311	2.5960949690311	0.497368152269616	0.0145925539289764	0.902292515393401	0.0824353196802691	3880.39174737466	0	0.664832768382427	"50"
40	"OUMV"	-1951.20824848034	3912.41649696069	3912.44617055119	3940.49052378424	5	1900	53	2.6	1.41234527803097	1.41234527803097	1.17637157176098	1.10405189635127	0.498192496027712	0.0151494403782912	1.0621379288701	0.0772076713536939	3912.44617055119	0	0.999999999250055	"75"
40	"OUMV"	-1928.30089433577	3866.60178867154	3866.63168403776	3894.63869579974	5	1900	42	4	1.301209988007	1.301209988007	1.08910417744925	0.713943237983418	0.498633886428807	0.0152407784889606	0.831854357149276	0.0733729348797504	3866.63168403776	0	0.983257627969484	"25"
41	"OUM"	-1825.86920080046	3659.73840160093	3659.75817421585	3682.19762305977	4	1600	160	0	0.200928073516608	0.200928073516608	0.189371177428126	0.189371177428126	0.56536395496886	0.0225891337743116	1.10242450162235	0.0925796119782764	3659.75817421585	0	0.527755566007762	"75"
41	"OUMV"	-1811.76504949689	3633.53009899378	3633.5599052531	3661.58188708535	5	1600	170	27	0.201674540747693	0.201674540747693	0.191263619515561	0.129089377140092	0.565118224175626	0.0226191342560687	0.967657548426276	0.0821610457755831	3633.5599052531	0	0.728072461053898	"50"
41	"OUMV"	-1803.80923831158	3617.61847662316	3617.64837198938	3645.65538375136	5	1600	170	24	0.202746511665828	0.202746511665828	0.191977592083142	0.116286011779605	0.565239536388079	0.0225449058682544	0.864250118373622	0.0832277661616261	3617.64837198938	0	0.852085273173538	"25"
42	"OUM"	-1694.55530734372	3397.11061468744	3397.13038730237	3419.56983614629	4	1600	200	0	0.148176309467004	0.148176309467004	0.130952027116145	0.130952027116145	0.554247460122699	0.0253746678965638	1.13667008327927	0.0939282681451142	3397.13038730237	0	0.567464788907586	"75"
42	"OUMV"	-1682.87458247541	3375.74916495082	3375.77897121013	3403.80095304238	5	1500	220	26	0.147881187580091	0.147881187580091	0.13174129683551	0.091638656582882	0.555987607387764	0.0255159365921223	0.976832730478687	0.0838336774829668	3375.77897121013	0	0.654238431812976	"50"
42	"OUMV"	-1675.57983577869	3361.15967155738	3361.1895669236	3389.19657868558	5	1500	220	23	0.148308113404055	0.148308113404055	0.132118079156977	0.0819909252189418	0.556602720214825	0.0254473224723322	0.87226099642872	0.0854408135455957	3361.1895669236	0	0.780450044726494	"25"
43	"OU1"	-1966.62947853495	3939.2589570699	3939.27090331181	3956.08110134682	3	5.6e+09	1000	0	3.43225854621249	0	2.87702110950088	0	0.506563076799702	0.0146419120067992	0	0	3939.27090331181	0	1	"25"
43	"OUM"	-1985.41330532911	3978.82661065822	3978.84638327315	4001.28583211706	4	5.6e+09	1000	0	3.43226097511402	3.43226097511402	2.88882239053221	2.88882239053221	0.498483701723061	0.014894802843378	0.992924739116963	0.0767580064646598	3978.84638327315	0	0.721892873363552	"75"
43	"OUM"	-1970.55087168262	3949.10174336524	3949.12160433842	3971.54317383849	4	5.6e+09	1.1e+08	0	3.4322274564248	3.4322274564248	2.86577937562969	2.86577937562969	0.498485231673101	0.0148364642509318	0.862806882687975	0.081556708460105	3949.12160433842	0	0.999811634033077	"50"
44	"OUMV"	-1861.0924954767	3732.18499095339	3732.2146645439	3760.25901777695	5	1700	130	36	0.242083571883344	0.242083571883344	0.215011432910285	1.17424974826033	0.539575915978665	0.0206242290262723	1.09809135088118	0.203046502956298	3732.2146645439	0	1	"75"
44	"OUMV"	-1848.57462294865	3707.1492458973	3707.17905215661	3735.20103398886	5	1700	130	33	0.241627377949761	0.241627377949761	0.214772735120778	1.24458498087905	0.539578726435432	0.0206533940485451	0.956618084310923	0.226888204024517	3707.17905215661	0	1	"50"
44	"OUMV"	-1838.66260969618	3687.32521939236	3687.35511475857	3715.36212652055	5	1600	130	29	0.237509609928447	0.237509609928447	0.211930166513414	1.37445633650343	0.541045122976973	0.0208167482184468	0.877696901395074	0.257374113177242	3687.35511475857	0	1	"25"
45	"OUM"	-1932.24833282455	3872.49666564911	3872.51643826403	3894.95588710795	4	1800	14	0	0.346274062483441	0.346274062483441	0.311466373797017	0.311466373797017	0.524557505058003	0.0177739223140529	1.06946937913417	0.0865149606779977	3872.51643826403	0	0.644193294229018	"75"
45	"OUMV"	-1918.06120376985	3846.12240753969	3846.15221379901	3874.17419563126	5	1700	50	5	0.37413841138464	0.37413841138464	0.334874481848407	0.231008619216502	0.521447137290432	0.0174529973013495	0.9536156994175	0.0773760727440388	3846.15221379901	0	0.67729006909566	"50"
45	"OUMV"	-1909.78235348276	3829.56470696553	3829.59460233175	3857.60161409373	5	1700	47	10	0.336344222360847	0.336344222360847	0.305720819764675	0.185330643875239	0.525605944276773	0.0179667699234667	0.869077087386696	0.0789536622722037	3829.59460233175	0	0.700431037372075	"25"
46	"OUM"	-1954.91445380323	3917.82890760646	3917.84868022139	3940.2881290653	4	5.5e+09	1000	0	3.45906130711542	3.45906130711542	2.81987566621017	2.81987566621017	0.500199064651376	0.0146338784783464	0.999882987579527	0.0758748251619843	3917.84868022139	0	0.999999997162484	"75"
46	"OUM"	-1939.43962892353	3886.87925784706	3886.89911882024	3909.32068832031	4	5.5e+09	1000	0	3.45906220466719	3.45906220466719	2.80136179674776	2.80136179674776	0.50014133617459	0.0145873822668153	0.864597549666105	0.0807901708943	3886.89911882024	0	1	"50"
46	"OUMV"	-1929.1468544702	3868.29370894041	3868.32360430663	3896.33061606861	5	5.5e+09	980	29	3.4590623451624	3.4590623451624	2.82144630856238	1.86802075028827	0.499925425814634	0.01463943435285	0.789511758195765	0.0693633123945499	3868.32360430663	0	0.747514151889125	"25"
47	"OUMV"	-1774.12336953236	3558.24673906472	3558.27641265522	3586.32076588827	5	1500	210	27	0.165780609068067	0.165780609068067	0.157014444970011	0.114674467188075	0.588307434677237	0.0250029776503695	1.1381856293645	0.0808130216880805	3558.27641265522	0	0.580224283474949	"75"
47	"OUMV"	-1764.2004883285	3538.40097665701	3538.43078291632	3566.45276474857	5	1500	190	21	0.169021056472176	0.169021056472176	0.158861802592168	0.11313628737061	0.587414593618214	0.0246438009085367	0.997920092267708	0.0866489192719721	3538.43078291632	0	0.540574782576748	"50"
47	"OUMV"	-1755.92010916534	3521.84021833067	3521.87011369689	3549.87712545887	5	1500	190	20	0.168647910994598	0.168647910994598	0.158777413994005	0.0956247697454293	0.587705842575577	0.0246756678806368	0.896392979738385	0.083775576629646	3521.87011369689	0	0.783662696152307	"25"
48	"OUM"	-2048.92642625894	4105.85285251788	4105.87262513281	4128.31207397673	4	5.7e+09	1000	0	3.40205537316171	3.40205537316171	3.04764310786425	3.04764310786425	0.497249017820292	0.0153221005729078	0.997595983199674	0.0785112193450105	4105.87262513281	0	0.697359802397312	"75"
48	"OUMV"	-2032.39435907983	4074.78871815966	4074.81852441897	4102.84050625122	5	5.7e+09	980	32	3.40205546527375	3.40205546527375	3.05537941173417	2.24364264301106	0.497071816639799	0.0153402182126607	0.871546106099478	0.0722147879419435	4074.81852441897	0	0.580102681865529	"50"
48	"OUMV"	-2022.00642421476	4054.01284842951	4054.04274379573	4082.04975555771	5	5.7e+09	980	29	3.40198318625366	3.40198318625366	3.05751224152438	1.82206496985581	0.497009630448255	0.0153433352328354	0.788850101601273	0.0692751860431945	4054.04274379573	0	0.899926232614016	"25"
49	"OUM"	-1968.42880294648	3944.85760589296	3944.87737850789	3967.31682735181	4	5.1e+09	1000	0	3.65101027203743	3.65101027203743	3.04061776114239	3.04061776114239	0.497617522167332	0.0148335507931504	1.04010604093515	0.0772954998676647	3944.87737850789	0	1	"75"
49	"OUMV"	-1953.96604742472	3917.93209484944	3917.96190110876	3945.98388294101	5	5.1e+09	980	32	3.65101292728763	3.65101292728763	3.0524749672215	2.27778851581521	0.498194437194747	0.0148648063190676	0.882806914348774	0.0708391364150662	3917.96190110876	0	0.550194029381083	"50"
49	"OUMV"	-1944.66601629797	3899.33203259594	3899.36192796215	3927.36893972414	5	5.1e+09	980	29	3.65101148538073	3.65101148538073	3.0539903648771	1.93704559597958	0.498564228998453	0.0148672846920277	0.786958951657936	0.0686099767103206	3899.36192796215	0	0.825352974232664	"25"
50	"OUMV"	-1826.64907259532	3663.29814519064	3663.32781878114	3691.37217201419	5	1600	180	27	0.207110537534567	0.207110537534567	0.196368584375077	0.145383529873347	0.57261869427406	0.0231631419112278	1.08540286096347	0.083279577188103	3663.32781878114	0	0.562014588859494	"75"
50	"OUMV"	-1811.30986354666	3632.61972709332	3632.64953335263	3660.67151518488	5	1600	180	24	0.207018841926743	0.207018841926743	0.196549634365662	0.112287025412083	0.570004690940038	0.0232186641211096	0.960403616213996	0.075649468301047	3632.64953335263	0	0.927554414782651	"50"
50	"OUMV"	-1803.39969539732	3616.79939079464	3616.82928616086	3644.83629792284	5	1600	170	21	0.208445376298188	0.208445376298188	0.197029213116316	0.0998741218563627	0.568653699712946	0.0230803088539774	0.894081998937519	0.0764753906163725	3616.82928616086	0	0.962179726292729	"25"
51	"OUMV"	-1759.63215878824	3529.26431757647	3529.29399116698	3557.33834440003	5	1500	220	28	0.173494758572458	0.173494758572458	0.161857249712332	0.112132607892105	0.59041608086117	0.0244877190891059	1.06349747200847	0.079212119562202	3529.29399116698	0	0.712043951100906	"75"
51	"OUMV"	-1747.90543038098	3505.81086076197	3505.84066702128	3533.86264885353	5	1500	210	25	0.175036257326542	0.175036257326542	0.162866215089716	0.0962875794976381	0.589416009636819	0.0243584398770454	0.950543336416978	0.0767045318015755	3505.84066702128	0	0.700257077530496	"50"
51	"OUMVA"	-1738.75627405938	3489.51254811877	3489.55442249564	3523.15683667261	6	1500	210	22	0.170098731409406	0.180091745031237	0.160259178695758	0.0217545070641008	0.594878584155007	0.0248569726161329	0.816203383169617	0.0639527260074582	3489.55442249564	0	0.714988328061793	"25"
52	"OUMV"	-1892.42546258306	3794.85092516612	3794.88059875663	3822.92495198968	5	1700	140	26	0.263282521329893	0.263282521329893	0.250421645654876	0.185744093284194	0.559606442473139	0.0208108596154986	1.09869591338192	0.0764932520081072	3794.88059875663	0	0.574055899689486	"75"
52	"OUMV"	-1878.86107101922	3767.72214203844	3767.75194829775	3795.77393013	5	1700	130	24	0.266537981443212	0.266537981443212	0.253172655746158	0.15140221692238	0.55937087701436	0.0207081442396554	0.946920125418675	0.0731433693234411	3767.75194829775	0	0.906059959574125	"50"
52	"OUMV"	-1869.2210488276	3748.4420976552	3748.47199302141	3776.47900478339	5	1700	130	22	0.268665594982035	0.268665594982035	0.254274908505247	0.133643625008449	0.557384173299149	0.0206153100939724	0.876426367875593	0.0723425969260702	3748.47199302141	0	0.966459083189522	"25"
53	"OUM"	-1955.35222017524	3918.70444035048	3918.72421296541	3941.16366180932	4	1900	2.3	0	0.814924613782776	0.814924613782776	0.698790919101392	0.698790919101392	0.506912435789156	0.0158390587605923	1.05783058266664	0.0810925652718585	3918.72421296541	0	0.814942524594754	"75"
53	"OUM"	-1939.6923919382	3887.3847838764	3887.40464484959	3909.82621434966	4	5.8e+09	1000	0	3.36198153741014	3.36198153741014	2.72783156872933	2.72783156872933	0.498019850838286	0.0146008753008762	0.865667691439349	0.080616440379192	3887.40464484959	0	0.944129922230537	"50"
53	"OUM"	-1930.84767023155	3869.6953404631	3869.71526078182	3892.12486616566	4	5.8e+09	1000	0	3.36197713486818	3.36197713486818	2.71962541349985	2.71962541349985	0.497975053337514	0.0145843805203966	0.770815848713727	0.0839463695576946	3869.71526078182	0	0.827898672118222	"25"
54	"OUMV"	-1865.0805521354	3740.1611042708	3740.19077786131	3768.23513109436	5	1600	160	27	0.209504095567252	0.209504095567252	0.200635992831014	0.138517654203815	0.567154370857265	0.0224084462400363	1.10035759998275	0.0771457441886489	3740.19077786131	0	0.737722343428419	"75"
54	"OUMV"	-1852.28117028473	3714.56234056947	3714.59214682878	3742.61412866103	5	1600	150	25	0.212721190228984	0.212721190228984	0.202804541625139	0.121269657550738	0.566663643761713	0.022212523869056	0.95369871435559	0.0778017650709745	3714.59214682878	0	0.913396501409493	"50"
54	"OUMV"	-1845.0443939445	3700.08878788899	3700.11868325521	3728.12569501719	5	1600	150	23	0.213672082169185	0.213672082169185	0.203559141078854	0.108522078392745	0.5663977720182	0.02215799478137	0.869038344333712	0.0781867262116	3700.11868325521	0	0.965111137767675	"25"
55	"OUMV"	-1937.50738581846	3885.01477163691	3885.04444522742	3913.08879846047	5	1700	97	21	0.304481339990857	0.304481339990857	0.29356156211526	0.216836623500829	0.536562068922659	0.019770026962898	1.06144064016449	0.0768131428121545	3885.04444522742	0	0.581359052459576	"75"
55	"OUMV"	-1923.61887990324	3857.23775980647	3857.26756606579	3885.28954789804	5	1700	80	18	0.316918346716982	0.316918346716982	0.303239542023506	0.187091094494783	0.534742951243714	0.0194713255432146	0.906774042261018	0.0746781179698576	3857.26756606579	0	0.8770006174763	"50"
55	"OUMV"	-1916.20895708417	3842.41791416835	3842.44780953457	3870.45482129655	5	1700	73	17	0.319083481800655	0.319083481800655	0.304611425727776	0.165810283292343	0.535040912017139	0.0193931595434697	0.822427181501019	0.0755896880692195	3842.44780953457	0	0.944723830921593	"25"
56	"OUMV"	-1793.6003917209	3597.2007834418	3597.2304570323	3625.27481026535	5	1500	180	28	0.178021104883539	0.178021104883539	0.168356047633438	0.116686457249857	0.590620049892219	0.0239972850893963	1.08309198507618	0.0764663059080272	3597.2304570323	0	0.579739069781469	"75"
56	"OUMV"	-1780.36136819515	3570.7227363903	3570.75254264962	3598.77452448187	5	1500	170	25	0.180946777589353	0.180946777589353	0.170202389031587	0.0991504513691583	0.589222755608328	0.0237335513222243	0.955271221626302	0.0756903122793404	3570.75254264962	0	0.930396880997251	"50"
56	"OUMV"	-1774.98737972561	3559.97475945122	3560.00465481744	3588.01166657942	5	1500	160	22	0.182999730778225	0.182999730778225	0.171372350549604	0.093921420476819	0.588063585572227	0.0235329941568615	0.89524157085147	0.0783111255282464	3560.00465481744	0	0.934768918934617	"25"
57	"OUM"	-1956.55170973584	3921.10341947169	3921.12319208661	3943.56264093053	4	5.8e+09	1000	0	3.34694008387621	3.34694008387621	2.73705063032234	2.73705063032234	0.497026554627578	0.0146453440750264	1.00007586984375	0.07553502650831	3921.12319208661	0	0.999556452001108	"75"
57	"OUM"	-1941.56770805405	3891.13541610809	3891.15527708128	3913.57684658134	4	5.8e+09	1000	0	3.34693534683257	3.34693534683257	2.72062151950506	2.72062151950506	0.497188607976175	0.0146042552880784	0.857298599683312	0.0800520368805395	3891.15527708128	0	0.970639617436931	"50"
57	"OUM"	-1932.74364242941	3873.48728485882	3873.50720517755	3895.91681056138	4	5.8e+09	1000	0	3.34694213659719	3.34694213659719	2.71208293608812	2.71208293608812	0.497083851927997	0.0145795845945388	0.779995205326371	0.0844995764401014	3873.50720517755	0	0.676836684581351	"25"
58	"OUMV"	-1861.80648959018	3733.61297918036	3733.64265277086	3761.68700600391	5	1600	180	28	0.184826271376923	0.184826271376923	0.17422497572663	0.12242173791193	0.564089273347053	0.0219599217928104	1.09311700205231	0.0799539734024962	3733.64265277086	0	0.693877094200776	"75"
58	"OUMV"	-1849.12254276496	3708.24508552993	3708.27489178924	3736.29687362149	5	1600	170	25	0.186277779425052	0.186277779425052	0.175326397716996	0.102347247592306	0.563445920641012	0.0218688956022675	0.963596545808994	0.0764431019872985	3708.27489178924	0	0.680038287042902	"50"
58	"OUMV"	-1840.56317085749	3691.12634171498	3691.1562370812	3719.16324884318	5	1600	170	23	0.186611199574324	0.186611199574324	0.17558073374495	0.0882766391045326	0.564048801168422	0.0218522727403676	0.844687942584789	0.0750302272637849	3691.1562370812	0	0.979904324683209	"25"
59	"OUM"	-1855.4740422792	3718.94808455839	3718.96785717332	3741.40730601724	4	1700	140	0	0.243587647822892	0.243587647822892	0.229830123772425	0.229830123772425	0.533837207707636	0.0219005927964463	1.06878374447083	0.0895700688574974	3718.96785717332	0	0.602372055995047	"75"
59	"OUMV"	-1841.10003646988	3692.20007293975	3692.22987919907	3720.25186103132	5	1600	160	26	0.244606635999055	0.244606635999055	0.231958701914212	0.160359124486283	0.53269467798738	0.0219165353141578	0.957881429871129	0.0799818738098081	3692.22987919907	0	0.688955498090593	"50"
59	"OUMV"	-1834.41737854229	3678.83475708458	3678.8646524508	3706.87166421278	5	1600	150	24	0.245984666104867	0.245984666104867	0.232893830591388	0.149201802258594	0.532505378212847	0.0218451951765599	0.87581242069628	0.0819962456657204	3678.8646524508	0	0.773608783416748	"25"
60	"OUM"	-1734.13019707065	3476.2603941413	3476.28016675623	3498.71961560015	4	1600	200	0	0.135195157610063	0.135195157610063	0.121313322869959	0.121313322869959	0.597462175642637	0.0253951232845639	1.14890491631873	0.0968172574050511	3476.28016675623	0	0.679594244811824	"75"
60	"OUM"	-1723.18129646264	3454.36259292527	3454.38245389846	3476.80402339852	4	1600	200	0	0.136182728207472	0.136182728207472	0.121667807407606	0.121667807407606	0.596523945913743	0.0252460632344371	0.984378893139234	0.102297906784767	3454.38245389846	0	0.589950617011489	"50"
60	"OUMVA"	-1712.63310796065	3437.26621592129	3437.30809029816	3470.91050447513	6	1500	210	24	0.133180093494718	0.143036590819964	0.120079950007016	0.0196342573602571	0.601968780601691	0.0256863328662717	0.861690792082207	0.0722027369618266	3437.30809029816	0	0.701664768405793	"25"
61	"OUMV"	-1796.8923142001	3603.78462840019	3603.81430199069	3631.85865522375	5	1500	180	26	0.171999637293768	0.171999637293768	0.160315509364853	0.115283367192114	0.604938078415476	0.0241209411728285	1.07848503509452	0.0800222994016702	3603.81430199069	0	0.548987393737558	"75"
61	"OUMV"	-1785.97670767745	3581.95341535489	3581.98322161421	3610.00520344646	5	1500	170	24	0.173634337996524	0.173634337996524	0.161515633311212	0.0992639243138019	0.604947285854166	0.0239792355305109	0.939586726827397	0.0781106674275504	3581.98322161421	0	0.859824369436054	"50"
61	"OUMV"	-1776.78946752635	3563.57893505269	3563.60883041891	3591.61584218089	5	1500	160	21	0.174545676570145	0.174545676570145	0.162009602270349	0.0858023272019974	0.603046933046013	0.0239074615877295	0.859047492426008	0.0776168911151371	3563.60883041891	0	0.945374620084378	"25"
62	"OUMV"	-1698.70180149345	3407.40360298691	3407.43327657741	3435.47762981046	5	1500	230	32	0.122139837365699	0.122139837365699	0.108403920410194	0.170070413603234	0.589000047966333	0.0260682812023093	1.06294917609239	0.128903264716794	3407.43327657741	0	0.938461248136046	"75"
62	"OUMV"	-1689.42380920595	3388.84761841191	3388.87742467122	3416.89940650347	5	1500	220	29	0.123003154950156	0.123003154950156	0.108939711084943	0.173465737710549	0.587831560309186	0.025927270849867	0.9400986506507	0.133179162090228	3388.87742467122	0	0.928436886943676	"50"
62	"OUMV"	-1681.34089309665	3372.6817861933	3372.71168155952	3400.7186933215	5	1500	220	25	0.122777677753948	0.122777677753948	0.108486211855412	0.189410470001736	0.586445631518768	0.0259207581499496	0.880290998098246	0.148842534838013	3372.71168155952	0	0.963054436612454	"25"
63	"OUMV"	-1769.52096758814	3549.04193517629	3549.07160876679	3577.11596199985	5	1500	210	27	0.168451089682777	0.168451089682777	0.155707291240125	0.107472002432282	0.553937443274811	0.0235425143473118	1.09878149300977	0.0796660460250578	3549.07160876679	0	0.715413677910586	"75"
63	"OUMV"	-1757.92367864576	3525.84735729151	3525.87716355083	3553.89914538307	5	1600	200	25	0.171013369722848	0.171013369722848	0.157224084718722	0.0954058613577551	0.55301950412272	0.0233004883608398	0.976827651788648	0.0787571907610975	3525.87716355083	0	0.873026934757869	"50"
63	"OUMV"	-1750.65273916092	3511.30547832185	3511.33537368806	3539.34238545004	5	1600	200	22	0.170082524748607	0.170082524748607	0.156750038145331	0.0816839669559075	0.554079175152327	0.0233812592658701	0.880169759622219	0.0786747304501589	3511.33537368806	0	0.59053025724234	"25"
64	"OUM"	-1836.66791232689	3681.33582465379	3681.35559726871	3703.79504611263	4	1600	170	0	0.187972398973779	0.187972398973779	0.177549710450017	0.177549710450017	0.576492592736136	0.023645576498386	1.12155230694726	0.0919670546133776	3681.35559726871	0	0.55922778967537	"75"
64	"OUMV"	-1824.53265850261	3659.06531700522	3659.09512326454	3687.11710509679	5	1600	190	26	0.18832265590701	0.18832265590701	0.178983642173719	0.129887509868673	0.577338556429804	0.0236909336221284	0.982170068127811	0.0868955000415501	3659.09512326454	0	0.567981548102996	"50"
64	"OUMV"	-1816.79455735122	3643.58911470243	3643.61901006865	3671.62602183063	5	1600	180	24	0.190325947085279	0.190325947085279	0.180391060537693	0.119927850044654	0.576040726266097	0.0235459213116402	0.881198424857833	0.087322805357176	3643.61901006865	0	0.693853204383534	"25"
65	"OUM"	-1800.83701099065	3609.67402198129	3609.69379459622	3632.13324344014	4	1600	180	0	0.180501464721306	0.180501464721306	0.16511854686757	0.16511854686757	0.581465581088233	0.0234808260063097	1.07652466671184	0.0921765259334399	3609.69379459622	0	0.708103913816716	"75"
65	"OUM"	-1789.33821712324	3586.67643424648	3586.69629521967	3609.11786471974	4	1600	180	0	0.182502624497085	0.182502624497085	0.165842452472151	0.165842452472151	0.579596214705789	0.0232350914170793	0.984776721728829	0.101355625039205	3586.69629521967	0	0.730364981281917	"50"
65	"OUM"	-1783.41690446148	3574.83380892296	3574.85372924168	3597.26333462551	4	1600	180	0	0.183140884521699	0.183140884521699	0.166267711709667	0.166267711709667	0.580088596639017	0.0232148285142809	0.858403646624153	0.10455624207561	3574.85372924168	0	0.678348065731518	"25"
66	"OUMV"	-1761.67997942957	3533.35995885914	3533.38963244964	3561.43398568269	5	1500	230	29	0.159246687769037	0.159246687769037	0.151204776774433	0.100168959593102	0.590975831919267	0.0258463814937925	1.08886158157727	0.0780897929936139	3533.38963244964	0	0.630313604346134	"75"
66	"OUMV"	-1748.46308111692	3506.92616223384	3506.95596849316	3534.97795032541	5	1500	230	24	0.159788504471761	0.159788504471761	0.151392145262499	0.0814765541574379	0.591399495314616	0.025723608093174	0.973109608813653	0.0780436812747774	3506.95596849316	0	0.800340949236682	"50"
66	"OUMV"	-1742.46875647934	3494.93751295867	3494.96740832489	3522.97442008687	5	1500	220	23	0.162568978917132	0.162568978917132	0.152815018776127	0.0821699383331522	0.589113037883726	0.0253852244749462	0.898128119353325	0.0824083265228234	3494.96740832489	0	0.95424872956014	"25"
67	"OUM"	-1969.66438417232	3947.32876834465	3947.34854095957	3969.78798980349	4	5.7e+09	1000	0	3.37630863835034	3.37630863835034	2.7919686791054	2.7919686791054	0.496920574344293	0.0147220856330942	0.995152920407266	0.0752394002493932	3947.34854095957	0	0.999999997700197	"75"
67	"OUMV"	-1953.49213343882	3916.98426687763	3917.01407313695	3945.0360549692	5	5.7e+09	980	32	3.37618559592858	3.37618559592858	2.79423688315382	2.16731072445023	0.496964620942313	0.0147297730097458	0.859014612120158	0.0705149617545944	3917.01407313695	0	1	"50"
67	"OUMV"	-1943.05495348763	3896.10990697527	3896.13980234149	3924.14681410347	5	5.7e+09	980	29	3.37621193327072	3.37621193327072	2.79438870818019	1.79860538746863	0.496783234558926	0.014726888966218	0.782013470161403	0.0681491675741487	3896.13980234149	0	0.799578418995604	"25"
68	"OUMV"	-1789.27910489323	3588.55820978646	3588.58788337696	3616.63223661001	5	1500	200	28	0.175195158009919	0.175195158009919	0.166474471051609	0.123973282662466	0.582487633848636	0.0244790741774951	1.11064416717853	0.0820863317574678	3588.58788337696	0	0.562282017675281	"75"
68	"OUMV"	-1775.53942856151	3561.07885712302	3561.10866338233	3589.13064521458	5	1500	190	25	0.176633533897457	0.176633533897457	0.167599301872601	0.102566007402962	0.581660144679961	0.0243657311052297	0.952015736311789	0.0803904113440298	3561.10866338233	0	0.873241337591765	"50"
68	"OUMV"	-1769.02210456471	3548.04420912942	3548.07410449564	3576.08111625762	5	1600	190	23	0.177817179815743	0.177817179815743	0.168012699854569	0.0957195752268895	0.581385927416346	0.024201614889088	0.867113571156005	0.0831735369516432	3548.07410449564	0	0.899724574628979	"25"
69	"OUM"	-1953.10341189533	3914.20682379065	3914.22659640558	3936.6660452495	4	5.7e+09	1000	0	3.37737329036927	3.37737329036927	2.74474661130676	2.74474661130676	0.498858476305299	0.0146207913889727	1.02117009487778	0.0750079216572647	3914.22659640558	0	0.68278417069544	"75"
69	"OUM"	-1939.22539645618	3886.45079291236	3886.47065388555	3908.89222338562	4	5.7e+09	1000	0	3.37737392771865	3.37737392771865	2.73067768888726	2.73067768888726	0.499604497517583	0.0145776600366429	0.877152838623841	0.0805300908287912	3886.47065388555	0	0.874356639051891	"50"
69	"OUM"	-1930.35559964678	3868.71119929357	3868.73111961229	3891.14072499613	4	5.7e+09	1000	0	3.3773736887126	3.3773736887126	2.72230140108882	2.72230140108882	0.499543914995621	0.0145543522639674	0.792043378033057	0.0851440691816627	3868.73111961229	0	0.725236177397596	"25"
70	"OUM"	-1950.83987180057	3909.67974360115	3909.69951621607	3932.13896505999	4	5.9e+09	1000	0	3.31439765940419	3.31439765940419	2.70734634994936	2.70734634994936	0.499851042648904	0.0146833062062164	0.990943837859548	0.0750353842666773	3909.69951621607	0	0.73201290568771	"75"
70	"OUM"	-1934.96074215079	3877.92148430158	3877.94134527477	3900.36291477483	4	5.9e+09	1000	0	3.31441947257249	3.31441947257249	2.68851666742249	2.68851666742249	0.499798002008447	0.0146275527708051	0.867688750450187	0.0809005871817931	3877.94134527477	0	0.540018217929157	"50"
70	"OUM"	-1926.12782956171	3860.25565912341	3860.27557944214	3882.68518482597	4	5.9e+09	1000	0	3.31439945761695	3.31439945761695	2.68031447586004	2.68031447586004	0.499797336873496	0.0146084584426625	0.772718896752785	0.0843141370412536	3860.27557944214	0	0.517558308294616	"25"
71	"OUM"	-1776.58528219965	3561.1705643993	3561.19033701422	3583.62978585814	4	1600	200	0	0.161010049598218	0.161010049598218	0.150773921448064	0.150773921448064	0.613835214126826	0.0251752982685636	1.09219012416411	0.0999826752397949	3561.19033701422	0	0.671296801434151	"75"
71	"OUM"	-1764.72309573395	3537.44619146791	3537.4660524411	3559.88762194116	4	1600	200	0	0.163198250323974	0.163198250323974	0.15173755887108	0.15173755887108	0.610241048297686	0.0249112287842778	0.974695162269029	0.103377264341851	3537.4660524411	0	0.7206762542027	"50"
71	"OUM"	-1758.89000997504	3525.78001995008	3525.79994026881	3548.20954565264	4	1600	200	0	0.163780738339928	0.163780738339928	0.152062109729998	0.152062109729998	0.610278486724388	0.0248492219175628	0.873796208480947	0.111351900471753	3525.79994026881	0	0.635081837674261	"25"
72	"OUM"	-1930.99992443768	3869.99984887535	3870.01962149028	3892.4590703342	4	1900	5.7	0	0.598970592000284	0.598970592000284	0.518770351941906	0.518770351941906	0.505759661666399	0.0163749833451138	1.07174536781864	0.0820441063619089	3870.01962149028	0	0.727021621566726	"75"
72	"OUM"	-1917.25146125364	3842.50292250728	3842.52278348047	3864.94435298053	4	1900	3.4	0	0.731408986708356	0.731408986708356	0.619820307296675	0.619820307296675	0.503270947242413	0.0158702647183025	0.924638022041127	0.0870910580529516	3842.52278348047	0	0.635129278709787	"50"
72	"OUM"	-1909.3166840626	3826.63336812519	3826.65328844392	3849.06289382775	4	1900	3.2	0	0.862594827645127	0.862594827645127	0.721020369542869	0.721020369542869	0.502230536198	0.0155545180509949	0.823707111425659	0.0905851897522482	3826.65328844392	0	0.581794156531254	"25"
73	"OUMV"	-1800.91642064664	3611.83284129328	3611.86251488378	3639.90686811684	5	1600	150	32	0.191779703386204	0.191779703386204	0.16695818441565	0.373796813542252	0.544419784181144	0.0211848434395858	1.06658833928288	0.136101072038944	3611.86251488378	0	0.999991816084908	"75"
73	"OUMV"	-1789.90616914817	3589.81233829633	3589.84214455565	3617.8641263879	5	1600	150	29	0.195583936467551	0.195583936467551	0.169384456770835	0.388728327427679	0.542972484947834	0.0209532554854093	0.948161376178878	0.144545348094987	3589.84214455565	0	0.999989291094359	"50"
73	"OUMV"	-1781.52195585358	3573.04391170715	3573.07380707337	3601.08081883535	5	1600	150	25	0.193325578719619	0.193325578719619	0.167497337564359	0.425572148983682	0.543625270811234	0.0210585160842918	0.865647429019024	0.163409835278052	3573.07380707337	0	0.999995352912459	"25"
74	"OUMV"	-1724.26818494082	3458.53636988165	3458.56604347215	3486.6103967052	5	1500	240	27	0.137822013265559	0.137822013265559	0.13132749543058	0.0866699238511515	0.635725916269862	0.0276947116193802	1.10093935336773	0.081491057151558	3458.56604347215	0	0.637479057748905	"75"
74	"OUMV"	-1714.37607716236	3438.75215432473	3438.78196058404	3466.80394241629	5	1500	220	24	0.140164484781377	0.140164484781377	0.132636697125609	0.0784221239068339	0.634953515872601	0.0273137571503043	0.977281450007719	0.0821718709682276	3438.78196058404	0	0.894946291688535	"50"
74	"OUMV"	-1706.39606266951	3422.79212533902	3422.82202070524	3450.82903246722	5	1500	220	23	0.140517275980498	0.140517275980498	0.132699444210953	0.0707824935325354	0.632353489030123	0.0272722528088748	0.904740889105433	0.0811648392754314	3422.82202070524	0	0.949005103897974	"25"
75	"OUM"	-1953.50235513962	3915.00471027925	3915.02448289418	3937.46393173809	4	5.8e+09	1000	0	3.35984743747455	3.35984743747455	2.75383217663093	2.75383217663093	0.497403143258996	0.0147208573249269	1.02071412796371	0.076350518486222	3915.02448289418	0	0.727282440925073	"75"
75	"OUM"	-1938.68639983807	3885.37279967614	3885.39266064933	3907.81423014939	4	5.8e+09	1000	0	3.35984775449558	3.35984775449558	2.7370876538795	2.7370876538795	0.497464532532729	0.0146766531155262	0.882023779384054	0.080782536164734	3885.39266064933	0	0.505696163054113	"50"
75	"OUMV"	-1927.78532600525	3865.57065201051	3865.60054737673	3893.60755913871	5	5.8e+09	980	29	3.35974922276355	3.35974922276355	2.7567510507647	1.79831129282649	0.497468530483847	0.0147278830841737	0.794799502625914	0.0693000869002633	3865.60054737673	0	0.772138504521771	"25"
76	"OUMV"	-1750.95628492036	3511.91256984072	3511.94224343122	3539.98659666427	5	1500	190	28	0.167181434267712	0.167181434267712	0.159555642075653	0.118360213090315	0.607565968519358	0.0253571288177902	1.11062920920182	0.0828537957970714	3511.94224343122	0	0.57251364394017	"75"
76	"OUMV"	-1739.85249095447	3489.70498190895	3489.73478816826	3517.75677000051	5	1500	190	26	0.169454060215451	0.169454060215451	0.161102804646822	0.104614117774655	0.605728511006374	0.0251434221557891	0.993596151210527	0.0815707400884831	3489.73478816826	0	0.796000420165999	"50"
76	"OUMV"	-1732.79741948099	3475.59483896199	3475.62473432821	3503.63174609019	5	1500	180	23	0.169471638021936	0.169471638021936	0.160402653106173	0.0969061143790165	0.606399967592731	0.0250590609907096	0.894301170077213	0.0848094029957518	3475.62473432821	0	0.822368329880235	"25"
77	"OUM"	-1867.8452903413	3743.69058068261	3743.71035329753	3766.14980214145	4	1700	120	0	0.24108937662288	0.24108937662288	0.228035983196901	0.228035983196901	0.546901629495895	0.0208157712509232	1.07010415052921	0.0913370414450626	3743.71035329753	0	0.627064201632849	"75"
77	"OUM"	-1856.63832497608	3721.27664995216	3721.29651092535	3743.71808042541	4	1700	110	0	0.243629716338933	0.243629716338933	0.229398523861441	0.229398523861441	0.546749114174365	0.0206911698206118	0.933108927905624	0.0977763145088109	3721.29651092535	0	0.527203990000024	"50"
77	"OUM"	-1850.26333945718	3708.52667891436	3708.54659923308	3730.95620461692	4	1700	110	0	0.245463197265261	0.245463197265261	0.230628882684541	0.230628882684541	0.54625563251978	0.0206060200599328	0.865631792245545	0.104796084554975	3708.54659923308	0	0.576770510108013	"25"
78	"OUMV"	-1863.20310411768	3736.40620823535	3736.43588182586	3764.48023505891	5	1600	150	27	0.205229958746414	0.205229958746414	0.196156735395415	0.144030436362313	0.567409107242679	0.0222652126475376	1.12633711259951	0.0820658291496655	3736.43588182586	0	0.593058487149059	"75"
78	"OUMV"	-1849.06805381835	3708.1361076367	3708.16591389601	3736.18789572826	5	1600	140	24	0.20865707327639	0.20865707327639	0.198292115683758	0.122422132863851	0.565159027918797	0.0220387667085285	1.00266611734526	0.0820097397040546	3708.16591389601	0	0.857323427880178	"50"
78	"OUMV"	-1841.35498102696	3692.70996205392	3692.73985742014	3720.74686918212	5	1600	140	22	0.207992740567032	0.207992740567032	0.197953403122401	0.102891013545211	0.56722469228682	0.0220757650887415	0.857676978476499	0.0810205142340054	3692.73985742014	0	0.515013627001931	"25"
79	"OUM"	-2128.76071913779	4265.52143827557	4265.5412108905	4287.98065973442	4	5.7e+09	1000	0	3.38500791553312	3.38500791553312	3.27207231470249	3.27207231470249	0.498442531280544	0.0159049729201955	1.00622923792104	0.0819629081614832	4265.5412108905	0	0.587142617076773	"75"
79	"OUMV"	-2112.29910655978	4234.59821311957	4234.62801937888	4262.65000121113	5	5.7e+09	980	32	3.38494813707856	3.38494813707856	3.2939068100939	2.16162847831606	0.498532469091425	0.0159588741269358	0.868445847539261	0.0710802150742895	4234.62801937888	0	0.806801870908088	"50"
79	"OUMV"	-2102.65929654762	4215.31859309525	4215.34848846147	4243.35550022345	5	5.7e+09	980	29	3.38496065481243	3.38496065481243	3.2921718258977	1.87093583250739	0.498807689420533	0.0159513275107018	0.774509247072292	0.0695970491824947	4215.34848846147	0	0.940123137030494	"25"
80	"OUMV"	-1603.28341589227	3216.56683178454	3216.59650537504	3244.64085860809	5	1400	250	25	0.100432004939979	0.100432004939979	0.0884372102697484	0.0635623792933693	0.617184813634544	0.0295235355094053	1.08569595390579	0.0862932477830807	3216.59650537504	0	0.462559152600446	"75"
80	"OUMV"	-1591.29156057014	3192.58312114027	3192.61292739958	3220.63490923183	5	1400	240	22	0.10196718892779	0.10196718892779	0.0891637605296775	0.0565193594327825	0.612924608540436	0.0291673092202515	0.962788186025129	0.0847613644319243	3192.61292739958	0	0.772134844765873	"50"
80	"OUMV"	-1582.86162167162	3175.72324334323	3175.75313870945	3203.76015047143	5	1400	240	19	0.101581682830556	0.101581682830556	0.089126883217559	0.0443993762673534	0.615463690246473	0.0292753937689885	0.843196010299431	0.0803932009081358	3175.75313870945	0	0.953799664738105	"25"
81	"OUM"	-1704.86311980662	3417.72623961323	3417.74601222816	3440.18546107207	4	1500	190	0	0.126974035093342	0.126974035093342	0.114879259441754	0.114879259441754	0.619890473630822	0.0266658194386635	1.08692258205318	0.0943898712484278	3417.74601222816	0	0.621145489508316	"75"
81	"OUMV"	-1690.89247417775	3391.7849483555	3391.81475461482	3419.83673644707	5	1500	210	21	0.126047562106294	0.126047562106294	0.114875582156534	0.074846326957292	0.620676570021777	0.0268846554044256	0.957124850482497	0.0834168230814015	3391.81475461482	0	0.692963980171386	"50"
81	"OUMV"	-1683.99957937764	3377.99915875528	3378.0290541215	3406.03606588348	5	1500	210	19	0.125851333895355	0.125851333895355	0.115216401063029	0.06513291283408	0.622772400562267	0.0269551856828863	0.843767992049414	0.0815446829060271	3378.0290541215	0	0.827132023663989	"25"
82	"OUM"	-1952.32105347385	3912.64210694769	3912.66187956262	3935.10132840654	4	5.8e+09	1000	0	3.33687052195686	3.33687052195686	2.7240684912309	2.7240684912309	0.497089167392495	0.0146479615734706	1.01860007019311	0.0756178776802703	3912.66187956262	0	0.999999999600522	"75"
82	"OUMV"	-1937.34603974466	3884.69207948932	3884.72188574863	3912.74386758088	5	5.8e+09	980	32	3.33686588033074	3.33686588033074	2.73085072424886	2.08081671134136	0.497757849377016	0.0146634891007282	0.871446783685611	0.0708749638925207	3884.72188574863	0	0.509658699847827	"50"
82	"OUMV"	-1926.3226071006	3862.6452142012	3862.67510956741	3890.68212132939	5	5.8e+09	980	29	3.33687075058815	3.33687075058815	2.72567359366985	1.82228135613244	0.49673291732561	0.0146554304933215	0.804296431246981	0.0684675989578928	3862.67510956741	0	0.737160271452428	"25"
83	"OUMV"	-1763.65383960162	3537.30767920324	3537.33735279374	3565.38170602679	5	1500	200	26	0.155251452819052	0.155251452819052	0.15301689366487	0.108039828008766	0.634590718209777	0.0265546180927032	1.09314770708153	0.0824653386913152	3537.33735279374	0	0.662306493689794	"75"
83	"OUMV"	-1749.88597360418	3509.77194720835	3509.80175346767	3537.82373529992	5	1500	190	23	0.154040598625791	0.154040598625791	0.152054051287172	0.0888141329080846	0.634145142544259	0.0266768647091138	0.984136438675488	0.0824684554217375	3509.80175346767	0	0.891016564503033	"50"
83	"OUMV"	-1741.74875554619	3493.49751109238	3493.52740645859	3521.53441822057	5	1500	180	21	0.157329405242494	0.157329405242494	0.154182794841546	0.0805822001537175	0.631747592312589	0.0263049561697452	0.868497062871061	0.0808389492367572	3493.52740645859	0	0.952475097055848	"25"
84	"OUM"	-2037.53549958597	4083.07099917194	4083.09077178686	4105.53022063078	4	5.4e+09	1000	0	3.49192578458647	3.49192578458647	3.0917230459703	3.0917230459703	0.49662011622922	0.0152298981267544	1.03341579605614	0.0799053168633514	4083.09077178686	0	0.684329154091132	"75"
84	"OUMV"	-2022.25910116556	4054.51820233113	4054.54800859044	4082.56999042269	5	5.4e+09	980	32	3.49192351603842	3.49192351603842	3.10486695655237	2.21753531139233	0.496869409247762	0.0152631493250266	0.888079075220054	0.0721487218295923	4054.54800859044	0	0.638503484537015	"50"
84	"OUMV"	-2012.76435435384	4035.52870870768	4035.5586040739	4063.56561583588	5	5.4e+09	980	29	3.49176030361127	3.49176030361127	3.10653144138902	1.87561607927053	0.497089122915724	0.0152719740132102	0.786160607288014	0.069327559383909	4035.5586040739	0	0.884604002174506	"25"
85	"OUM"	-1824.96198488249	3657.92396976498	3657.94374237991	3680.38319122383	4	1700	140	0	0.261525265953036	0.261525265953036	0.231072618802809	0.231072618802809	0.537715617082747	0.0202745290558222	1.07884221912024	0.085198292128431	3657.94374237991	0	0.564481445565241	"75"
85	"OUMV"	-1811.54782138663	3633.09564277326	3633.12544903257	3661.14743086482	5	1700	150	25	0.262357444921443	0.262357444921443	0.233101722137156	0.164191445711613	0.539110017234502	0.0202905409472111	0.923858869849663	0.0776971273457639	3633.12544903257	0	0.626716550298814	"50"
85	"OUMV"	-1800.62728698706	3611.25457397413	3611.28446934035	3639.29148110233	5	1700	150	23	0.262418338606576	0.262418338606576	0.232991717629666	0.135184296551514	0.537083435386561	0.0202888009465985	0.855145341745529	0.0747205178113728	3611.28446934035	0	0.895782479984963	"25"
86	"OUM"	-1657.78275710912	3323.56551421823	3323.58528683316	3346.02473567708	4	1500	220	0	0.122831552431626	0.122831552431626	0.113185423138469	0.113185423138469	0.656768746131955	0.02881397892769	1.14755936384939	0.104966861642544	3323.58528683316	0	0.532753807637503	"75"
86	"OUM"	-1649.87967307053	3307.75934614107	3307.77920711425	3330.20077661432	4	1500	220	0	0.124756254452602	0.124756254452602	0.114144926807621	0.114144926807621	0.652505572022994	0.0284552656198939	1.06346529525492	0.110618255998879	3307.77920711425	0	0.716669447628553	"50"
86	"OUMV"	-1642.09067852379	3294.18135704758	3294.2112524138	3322.21826417578	5	1400	230	18	0.123160348870373	0.123160348870373	0.114497821481184	0.0660166000095684	0.656653074476168	0.0288970705525945	0.93644703424208	0.0921895312169652	3294.2112524138	0	0.778945142927683	"25"
87	"OUMV"	-1918.02007493816	3846.04014987633	3846.06982346683	3874.11417669988	5	1700	120	25	0.2946446153836	0.2946446153836	0.277738500998036	0.21223526520059	0.522452691565334	0.0200622385506389	1.10530255418442	0.0769517891062108	3846.06982346683	0	0.516498611629088	"75"
87	"OUMV"	-1903.16014551989	3816.32029103978	3816.3500972991	3844.37207913135	5	1700	110	23	0.295384969703711	0.295384969703711	0.277268718139331	0.169952575510127	0.522261642253782	0.019992092680579	0.975875389339508	0.075305435503039	3816.3500972991	0	0.864814058450714	"50"
87	"OUMV"	-1895.28479068217	3800.56958136435	3800.59947673056	3828.60648849254	5	1700	100	21	0.302743419925032	0.302743419925032	0.283896691630223	0.152326632240042	0.521155924457659	0.0198180099358182	0.869477418949101	0.075049152267484	3800.59947673056	0	0.957176159542363	"25"
88	"OUM"	-1944.67277615513	3897.34555231026	3897.36532492519	3919.8047737691	4	1900	5.7	0	1.09378467871008	1.09378467871008	0.915418764355062	0.915418764355062	0.504011453918328	0.0153731104094515	1.04557421236074	0.0801576516632929	3897.36532492519	0	0.912309812393063	"75"
88	"OUM"	-1931.6444121674	3871.2888243348	3871.30868530799	3893.73025480805	4	1900	4.4	0	1.24642217216053	1.24642217216053	1.0321235675858	1.0321235675858	0.503669766724843	0.0151890671445685	0.909317561209872	0.0850443226091935	3871.30868530799	0	0.750006736141974	"50"
88	"OUM"	-1923.29762857944	3854.59525715888	3854.61517747761	3877.02478286144	4	1900	3.5	0	1.37716588749335	1.37716588749335	1.13283403734099	1.13283403734099	0.503098347203253	0.0150723550668221	0.815231457003623	0.0880223175238704	3854.61517747761	0	0.519727439924076	"25"
89	"OU1"	-2187.0099776081	4380.01995521619	4380.0318129237	4396.86437131033	3	5.7e+09	1000	0	3.38937306625736	0	3.49895762360807	0	0.516749073188433	0.0162133233120887	0	0	4380.0318129237	0	1	"75"
89	"OUM"	-2155.44952100819	4318.89904201637	4318.91890298956	4341.34047248962	4	5.7e+09	1000	0	3.38939865090826	3.38939865090826	3.42047978714562	3.42047978714562	0.498029844515312	0.0163264787629305	0.896089099705411	0.0917393700110558	4318.91890298956	0	0.999686998032042	"50"
89	"OUMV"	-2142.94583418671	4295.89166837342	4295.92156373964	4323.92857550162	5	5.7e+09	980	28	3.38925624598443	3.38925624598443	3.45766505266196	1.92116344403777	0.497580149099356	0.0164168568599888	0.814418106116514	0.0716989716083369	4295.92156373964	0	0.952819798575431	"25"
90	"OUMV"	-1892.23893110876	3794.47786221752	3794.50753580802	3822.55188904107	5	1600	140	26	0.240742998508061	0.240742998508061	0.230119016788761	0.163967805874968	0.555511737934936	0.0211869729168346	1.09679402608738	0.0774920614593136	3794.50753580802	0	0.658227857525438	"75"
90	"OUMV"	-1880.20533329286	3770.41066658571	3770.44047284503	3798.46245467728	5	1600	130	24	0.243329251445945	0.243329251445945	0.232443310557011	0.13418585627806	0.554826067532171	0.0210912207778753	0.983114664158263	0.0744097003876998	3770.44047284503	0	0.933880282209808	"50"
90	"OUMV"	-1871.78664609399	3753.57329218798	3753.6031875542	3781.61019931618	5	1600	120	22	0.247027473537955	0.247027473537955	0.234741240471963	0.124974926703663	0.553138926835305	0.0209184633755043	0.896021577381108	0.0753130192843373	3753.6031875542	0	0.959172317815003	"25"
91	"OUM"	-1921.22805018976	3850.45610037952	3850.47587299445	3872.91532183836	4	1800	90	0	0.332112825691537	0.332112825691537	0.301147474917587	0.301147474917587	0.515425586918599	0.0185778105125223	1.07011262919747	0.0859206372606117	3850.47587299445	0	0.548038198612067	"75"
91	"OUMV"	-1907.53873112518	3825.07746225035	3825.10726850967	3853.12925034191	5	1700	120	24	0.328948473277445	0.328948473277445	0.300667816587814	0.202666831178016	0.516552318776604	0.0187065130293391	0.90652983104523	0.0752834015145158	3825.10726850967	0	0.640297758299204	"50"
91	"OUMV"	-1898.24356672542	3806.48713345085	3806.51702881706	3834.52404057905	5	1700	110	21	0.334825652207276	0.334825652207276	0.305470986270569	0.175516438585544	0.515769880869954	0.0185885346269197	0.842344549723655	0.0751697156247007	3806.51702881706	0	0.90301769234814	"25"
92	"OUMV"	-1831.21760028721	3672.43520057441	3672.46487416492	3700.50922739797	5	1600	180	29	0.170984732659393	0.170984732659393	0.159670962934344	0.120873991300546	0.570230975336634	0.022778702862834	1.03555731684567	0.0826532252246902	3672.46487416492	0	0.540682369148254	"75"
92	"OUMV"	-1821.98191206111	3653.96382412222	3653.99363038154	3682.01561221379	5	1600	170	25	0.173395097022953	0.173395097022953	0.161496656639654	0.1107524013019	0.569823337264434	0.0225929778693881	0.948240040937683	0.0841870213544424	3653.99363038154	0	0.681009535912093	"50"
92	"OUMV"	-1814.38693815057	3638.77387630114	3638.80377166736	3666.81078342934	5	1600	160	23	0.1756150793382	0.1756150793382	0.162929419701615	0.102092927668981	0.569431011910169	0.0224136453545102	0.832867537164218	0.0843588375205087	3638.80377166736	0	0.771503470827855	"25"
93	"OUMV"	-1888.65531143549	3787.31062287098	3787.34029646149	3815.38464969454	5	1700	110	33	0.28800591659158	0.28800591659158	0.262331096206803	0.4408487743525	0.545421998957228	0.0197312072298963	1.10312124520031	0.1158082698048	3787.34029646149	0	0.985634527731568	"75"
93	"OUMV"	-1878.98281547842	3767.96563095684	3767.99543721616	3796.0174190484	5	1700	110	30	0.288662804026036	0.288662804026036	0.262936950951574	0.446932231244584	0.545959152326347	0.0197176877296098	0.9816180218803	0.12697153865057	3767.99543721616	0	0.97744089041326	"50"
93	"OUMV"	-1871.59250944619	3753.18501889237	3753.21491425859	3781.22192602057	5	1700	110	27	0.289692847487544	0.289692847487544	0.263649548887752	0.465782262417639	0.545858044064268	0.0196759155374093	0.885534309091869	0.136700016340004	3753.21491425859	0	0.978543072672134	"25"
94	"OUMV"	-2193.89255115772	4397.78510231544	4397.81477590594	4425.85912913899	5	5.8e+09	980	37	3.36732532786444	3.36732532786444	3.52625982033938	2.63534456914453	0.501395919107685	0.0166174232413566	1.01182180362864	0.0739532657175137	4397.81477590594	0	0.590022281534577	"75"
94	"OUMV"	-2177.58135189281	4365.16270378561	4365.19251004493	4393.21449187718	5	5.8e+09	980	32	3.36734368008851	3.36734368008851	3.52476673064116	2.08735708473005	0.501252312481326	0.0166127603824036	0.885751705406151	0.0706285938638846	4365.19251004493	0	0.93227164439473	"50"
94	"OUMV"	-2167.57028545548	4345.14057091095	4345.17046627717	4373.17747803915	5	5.8e+09	980	29	3.36728551442508	3.36728551442508	3.52525119532776	1.74815844447218	0.501276579461208	0.016614076772062	0.795831908534043	0.0682178086010153	4345.17046627717	0	0.989989078939237	"25"
95	"OUM"	-2074.87457151054	4157.74914302108	4157.768915636	4180.20836447992	4	5.4e+09	1000	0	3.49456322953577	3.49456322953577	3.21631138861106	3.21631138861106	0.498966004400799	0.0155528041199799	1.00123933658056	0.0796017570950292	4157.768915636	0	0.681977523800274	"75"
95	"OUMV"	-2058.39086664334	4126.78173328668	4126.81153954599	4154.83352137824	5	5.4e+09	970	27	3.49454375648237	3.49454375648237	3.23005628818608	2.27567443961113	0.498781351397541	0.0155895249050877	0.868881000742945	0.0712383722241972	4126.81153954599	0	0.999883224255192	"50"
95	"OUMV"	-2048.25584758753	4106.51169517506	4106.54159054128	4134.54860230326	5	5.4e+09	980	28	3.49455817417657	3.49455817417657	3.22793611158425	1.95493895322576	0.498443522494391	0.0155831589619384	0.793633140347539	0.0698045111194485	4106.54159054128	0	0.874798354234505	"25"
96	"OUM"	-1994.11916301008	3996.23832602017	3996.2580986351	4018.69754747901	4	5.7e+09	1000	0	3.40185611815605	3.40185611815605	2.90280005591615	2.90280005591615	0.498116245196885	0.014973454566245	1.00656739802539	0.0775066037789504	3996.2580986351	0	0.714479890546084	"75"
96	"OUMV"	-1978.19966712275	3966.39933424551	3966.42914050482	3994.45112233707	5	5.7e+09	980	32	3.40182469240475	3.40182469240475	2.90964092988097	2.1791911834271	0.498284851281505	0.014990404473527	0.867281154654723	0.0717521165798137	3966.42914050482	0	0.999850559275784	"50"
96	"OUMV"	-1967.79225697296	3945.58451394593	3945.61440931214	3973.62142107412	5	5.7e+09	980	29	3.4018507787301	3.4018507787301	2.90931104147192	1.81902003092802	0.498149782520009	0.0149884538241798	0.78147411837953	0.0692960108675327	3945.61440931214	0	0.845234592399342	"25"
97	"OUM"	-1889.69979379084	3787.39958758168	3787.41936019661	3809.85880904052	4	1800	93	0	0.347656471395632	0.347656471395632	0.312214326995806	0.312214326995806	0.511581808906457	0.0184362975633259	1.06944907105415	0.0850709450176525	3787.41936019661	0	0.693445322428638	"75"
97	"OUM"	-1876.98457640758	3761.96915281516	3761.98901378834	3784.41058328841	4	1800	90	0	0.353628860297187	0.353628860297187	0.315552822967288	0.315552822967288	0.511258943000277	0.0183001430510826	0.935215214213599	0.0909378970302439	3761.98901378834	0	0.573038652368286	"50"
97	"OUMV"	-1867.43693971048	3744.87387942096	3744.90377478718	3772.91078654916	5	1700	100	19	0.35495897992237	0.35495897992237	0.31882030249478	0.211160895456565	0.511188085000314	0.0183254705114241	0.85350845342404	0.0815801783867798	3744.90377478718	0	0.637277898330747	"25"
98	"OUM"	-1963.93848854506	3935.87697709011	3935.89674970504	3958.33619854896	4	5.7e+09	1000	0	3.38574139856673	3.38574139856673	2.79524991408023	2.79524991408023	0.497854717691563	0.0147512703492148	1.02712245508868	0.0764363900343759	3935.89674970504	0	0.724413966170337	"75"
98	"OUMV"	-1948.61321573001	3907.22643146003	3907.25623771934	3935.27821955159	5	5.7e+09	980	31	3.38574268644188	3.38574268644188	2.80594769684896	2.03208351829081	0.498035356636177	0.0147818111893638	0.888720534402993	0.0701578620576181	3907.25623771934	0	0.604706303741712	"50"
98	"OUMV"	-1940.8954430642	3891.79088612839	3891.82078149461	3919.82779325659	5	5.7e+09	980	29	3.38574411781242	3.38574411781242	2.80777075067984	1.80431222362711	0.498876823932398	0.0147876144569833	0.779982675189616	0.0680622099741864	3891.82078149461	0	0.996909967782942	"25"
99	"OUMV"	-1922.80262674136	3855.60525348271	3855.63492707321	3883.67928030627	5	1700	140	26	0.265651609611916	0.265651609611916	0.255181129899566	0.182632668301284	0.538793093072708	0.020283195018745	1.06849741898141	0.0784387421336348	3855.63492707321	0	0.64609373173962	"75"
99	"OUMV"	-1909.01728964827	3828.03457929655	3828.06438555586	3856.08636738811	5	1700	130	23	0.270424088228545	0.270424088228545	0.258307085691111	0.15654502944972	0.53680397592764	0.0201052303785461	0.969810698871972	0.0766073027552601	3828.06438555586	0	0.883180675990129	"50"
99	"OUMVA"	-1899.14023381602	3810.28046763203	3810.3223420089	3843.92475618587	6	1700	120	22	0.247283807802943	0.256478717807635	0.238603047982954	0.0314711617316596	0.543874536117338	0.0208708378522274	0.825157056285497	0.0669715458800423	3810.3223420089	0	0.554939214905934	"25"
100	"OUM"	-1910.75274194337	3829.50548388675	3829.52525650168	3851.96470534559	4	1700	72	0	0.260076558510281	0.260076558510281	0.23881170143942	0.23881170143942	0.51564067056196	0.0193513861526508	1.0849233284452	0.087006076388899	3829.52525650168	0	0.652407040154693	"75"
100	"OUMV"	-1897.52233268092	3805.04466536184	3805.07447162115	3833.0964534534	5	1700	92	21	0.261245764419384	0.261245764419384	0.24139286152724	0.166321745422373	0.516296311962086	0.019376343793679	0.942131867495879	0.0788733541012541	3805.07447162115	0	0.653126395924464	"50"
100	"OUMV"	-1888.78702571467	3787.57405142934	3787.60394679556	3815.61095855754	5	1700	91	20	0.258514242442678	0.258514242442678	0.238536046256035	0.143068204515997	0.516206954608947	0.0194303073987703	0.856751640619625	0.0774750907880543	3787.60394679556	0	0.834148655652313	"25"
101	"OUM"	-1946.68958744791	3901.37917489581	3901.39894751074	3923.83839635466	4	2000	2.5	0	1.98728016395865	1.98728016395865	1.62379327162504	1.62379327162504	0.500633064743358	0.0147679396700293	0.997333528011582	0.0749368975229342	3901.39894751074	0	0.773452981924487	"75"
101	"OUM"	-1930.95582128658	3869.91164257316	3869.93150354635	3892.35307304641	4	2000	3.5	0	2.15360774371319	2.15360774371319	1.74460830413834	1.74460830413834	0.50025519188677	0.0146751610720001	0.872424623595316	0.080287927350154	3869.93150354635	0	0.883496101659678	"50"
101	"OUM"	-1922.27165652445	3852.5433130489	3852.56323336762	3874.97283875146	4	2000	4	0	2.23762447699489	2.23762447699489	1.80595015270074	1.80595015270074	0.500219716801842	0.0146377317850997	0.777744820593712	0.0838313748146044	3852.56323336762	0	0.891388478148501	"25"
