"id"	"model"	"loglik"	"AIC"	"AICc"	"BIC"	"param.count"	"eigval1"	"eigval2"	"eigval3"	"0_alpha"	"1_alpha"	"sigma0"	"1_sigma.sq"	"theta0"	"theta_se0"	"theta_1"	"theta_se_1"
1	"OUMVA"	17170.7765892703	-34329.5531785406	-34329.5114290376	-34295.8910328307	6	1600	140	26	0.0982262227260298	0.214719626262783	1e-09	7.22821412476001e-06	0.138541259248884	3.62739138958065e-05	0.733359249336248	0.0500771665030487
1	"OUMA"	6452563.13230574	-12905116.2646115	-12905116.2348052	-12905088.2128234	5	2.8e+11	6.6e+10	8900000	0.349895641150076	0.527011426375702	1.07067716374363e-09	1.07067716374363e-09	211096936.850902	128871.764262927	0.672078167697186	0.00292925865743264
10	"OUMVA"	16982.8319387161	-33953.6638774322	-33953.6221279292	-33920.0017317223	6	1400	260	22	0.0695512840347399	0.225053473123366	1e-09	3.75999415888001e-09	0.439939169924344	4.13312743485222e-05	1.70841439277861	0.0174245533932981
10	"OUMA"	24770.8652114069	-49531.7304228139	-49531.7006165546	-49503.6786347223	5	6e+09	1900000	1300	3.34905525234671	1.52999519091061	1e-09	1e-09	1.94591014905531	240538623.300782	5.27398071225562e-85	6.51929412289008e-77
100	"OUMA"	25262.4626280967	-50514.9252561934	-50514.8954499341	-50486.8734681018	5	2e+07	590	-5.4e+08	3.26859957434381	1.6977971130699	1.00018414245195e-09	1.00018414245195e-09	1.94591014905531	302720072.917174	9.93723447838397e-75	1.54590917126972e-66
100	"OUMVA"	25351.5407272353	-50691.0814544705	-50691.0397049676	-50657.4193087607	6	1700	92	21	3.33906189904787	1.79056303842159	1.03665866064622e-09	1.6773862045962e-09	1.94591014905531	196826493.034083	8.48586438669841e-74	8.58335071846725e-66
101	"OUMA"	20025.7178225286	-40041.4356450572	-40041.4058387978	-40013.3838569656	5	1.6e+16	2.1e+15	-2.6e+16	3.18759426256069	3.36541970150266	1e-09	1e-09	2075945.57434894	560841.834394789	1.69401211784407	0.0140874990710035
11	"OUMVA"	24188.2933103219	-48364.5866206437	-48364.5448711408	-48330.9244749339	6	1700	50	7.7	3.29024886644658	0.998091861630559	1.01570486186345e-09	1.03853442507711e-09	1.74829043768609	4602.34003621712	9.89428862161943e-109	2.60465193147635e-105
11	"OUMA"	4286100.6621165	-8572191.32423299	-8572191.29442673	-8572163.2724449	5	2e+11	3.9e+10	5.4e+07	0.327816005732519	0.533392322554035	1e-09	1e-09	-210554697.13363	123535.47075517	140.314127267918	0.0163238100669146
12	"OUMVA"	24653.4436047393	-49294.8872094785	-49294.8454599755	-49261.2250637687	6	1500	220	25	3.37860234827801	1.47948737678354	1e-09	1.40169685875264e-09	1.94591014905531	7958090.12347376	5.40873993570184e-90	2.21198496156892e-83
12	"OUMA"	60072.4878419836	-120134.975683967	-120134.945877708	-120106.923895876	5	2.8e+09	5.4e+08	88000	0.387465211795966	0.585410574756405	1e-09	1e-09	-18101050.49906	48766.0026345508	1868.98527313692	0.0506108478154113
13	"OUMVA"	16875.6273638546	-33739.2547277092	-33739.2129782062	-33705.5925819993	6	1700	130	24	0.00031314362161183	0.158667394218594	1e-09	0.47103158954537	-7719.31253082461	7648338.59397943	1.49033008573281	180.498640553824
13	"OUMA"	88812.7438298449	-177615.48765969	-177615.457853431	-177587.435871598	5	4.1e+09	7.3e+08	-6e+05	0.339997105249939	0.547006074404285	1e-09	1e-09	-70006815.8021168	1156517.50555708	1.56225474826576	0.0300703270622048
14	"OUMVA"	16451.2731822275	-32890.546364455	-32890.504614952	-32856.8842187451	6	1500	200	26	1.19284574237047e-08	0.170150124327486	1e-09	3.26978550068278e-08	0.485131422036473	0.000216567721833956	1.15417991810317	0.0706909517969095
14	"OUMA"	24088.1482220421	-48166.2964440842	-48166.2666378249	-48138.2446559927	5	5.9e+09	2.9e+07	570	3.37267845043948	1.13811333354965	1e-09	1e-09	1.31994335362359	1.03648017724244e+24	5.9401737949624e-120	4.66449743540226e-96
15	"OUMVA"	17718.3811388078	-35424.7622776156	-35424.7205281126	-35391.1001319057	6	1700	130	24	0.24277330060143	0.338951174368309	1e-09	0.00010515139746107	1.48484140740535	0.0191985259692889	0.873623103071335	0.07010204344126
15	"OUMA"	2009665.70882697	-4019321.41765394	-4019321.38784768	-4019293.36586585	5	9.5e+10	2.1e+10	-2.6e+07	0.328509391203909	0.524957504467377	1e-09	1e-09	124866020.945433	86633.592675791	-0.452353773496288	0.00757195656493905
16	"OUMVA"	32423.8378404357	-64835.6756808714	-64835.6339313684	-64802.0135351615	6	1500	200	27	0.112592385868735	0.859974022437292	1.02487963157687e-09	1.03722379830749e-09	-8435.30031898529	0	0.124639408026376	7.80768436088918e+22
16	"OUMA"	47022.5929123634	-94035.1858247269	-94035.1560184675	-94007.1340366353	5	6.9e+08	1e+08	43000	2.49983275612474e-05	0.624686343801158	1e-09	1e-09	24552529.3056273	3.5246670687585e+25	0.394280904760651	2404256411631013376
17	"OUMVA"	20720.9564750995	-41429.912950199	-41429.871200696	-41396.2508044891	6	5.7e+09	980	32	6.2233088374499e-09	0.169738924958781	1.00517812327654e-09	1.71353871771378	-2945.56975278724	31714252.0734194	1.67622837052955	396.127012900343
17	"OUMA"	24156.6539769804	-48303.3079539608	-48303.2781477015	-48275.2561658693	5	5.9e+09	2900000	1500	3.35930840811343	1.7268379993044	1.00411548903827e-09	1.00411548903827e-09	0.616190415473279	2382209792509038	1.63230204779333e-99	6.31052646218671e-84
18	"OUMVA"	16978.3447616328	-33944.6895232656	-33944.6477737626	-33911.0273775558	6	1500	220	24	0.0800855230156109	0.195472344939109	1e-09	1.57651280789176e-05	0.446447538794711	3.51194520393447e-05	1.01204077713207	0.0868412190151913
18	"OUMA"	126392.856126724	-252775.712253448	-252775.682447189	-252747.660465357	5	2e+09	4e+08	-570000	0.162065618361028	0.37098765772065	1e-09	1e-09	9732032.29503245	39803.2960124516	0.25906319375721	0.0161706667062563
19	"OUMV"	-1924.59337099245	3859.1867419849	3859.21654824422	3887.23853007647	5	1700	50	-0.054	0.42255613391347	0.42255613391347	0.380945796284504	0.260469419674655	0.523257737850555	0.0175211141616674	0.942200953053165	0.0745046934863896
19	"OUMVA"	24394.3296667413	-48776.6593334826	-48776.6175839796	-48742.9971877727	6	1700	50	-0.054	3.34657350210871	1.56620969497195	1.00120446848608e-09	2.06429535741515	1.94591014905531	168938132561.939	2.30864123871791e-82	2.00429367108152e-71
19	"OUMA"	178703.832731186	-357397.665462372	-357397.635656113	-357369.613674281	5	7.6e+09	1.3e+07	-1.3e+09	0.258934517509863	0.471099176847272	1e-09	1e-09	616303717.538193	923301.636746289	0.811450716557473	0.0523437159255153
2	"OUMA"	355667.649590796	-711325.299181592	-711325.269375333	-711297.2473935	5	5.4e+09	8.9e+08	-2100000	0.136592957075808	0.33625019193425	1e-09	1e-09	-228974292.522906	0	1.94088555522786	0.0176714792066409
20	"OUMV"	-2187.69857795003	4385.39715590007	4385.42696215938	4413.44894399163	5	5.6e+09	2.1e+08	-1.7e+07	3.42688777080745	3.42688777080745	3.60898499904059	2.18956953241939	0.497220661953067	0.016621810628422	0.867534329051082	0.070970844662172
20	"OUMVA"	25253.2801302337	-50494.5602604674	-50494.5185109644	-50460.8981147575	6	5.6e+09	2.1e+08	-1.7e+07	3.40352967647153	4.26804598219616e-07	1.08815405837897e-09	0.836719901701869	1.94591014905531	32205140265535908	1.01114068875686e-158	1.67345484663238e-142
20	"OUMA"	466211.313648845	-932412.62729769	-932412.59749143	-932384.575509598	5	1.4e+10	6.3e+08	-7.1e+08	0.202787874087529	0.413106787735725	1.00019218320681e-09	1.00019218320681e-09	13916986.3322456	29794.1107557721	130.542555675105	0
21	"OUMA"	24723.4906418736	-49436.9812837472	-49436.9514774878	-49408.9294956556	5	6.3e+09	7900000	660	3.23645048581245	1.64646154157503	1e-09	1e-09	1.94591014905531	7289156519.78391	2.04172524380229e-75	7.64806888935435e-66
21	"OUMVA"	24724.3438556799	-49436.6877113598	-49436.6459618568	-49403.0255656499	6	1700	81	22	3.24821459655052	1.65626575850849	1e-09	1.00012419662734e-09	1.94591014905531	7598809383.45498	1.64171228452423e-75	6.41091199335814e-66
22	"OUMVA"	24663.0576322817	-49314.1152645634	-49314.0735150605	-49280.4531188536	6	1600	170	29	3.53232421981412	1.5527449121752	1e-09	1.00062057736378e-09	1.94591014905531	85207564360.8697	8.96225130217912e-88	3.92439293776975e-77
22	"OUMA"	682835.560889554	-1365661.12177911	-1365661.09197285	-1365633.06999102	5	2e+10	3.7e+09	-5e+06	0.259158298984507	0.45000037829402	1e-09	1e-09	-468784600.505453	109485.910160902	1.71428695301928	0.00284120036672438
23	"OUMA"	24739.8998363791	-49469.7996727582	-49469.7698664988	-49441.7478846666	5	5.7e+09	1.2e+07	1200	3.45262274537167	1.41320752343181	1e-09	1e-09	1.94591014905531	89080385486828.1	7.2230216213344e-90	3.30657379386468e-76
23	"OUMVA"	24766.6446563857	-49521.2893127713	-49521.2475632684	-49487.6271670615	6	1600	170	27	3.46070396138578	1.41886836850025	1.0035257220331e-09	1.30138819871483e-09	1.94591014905531	94071785425302.2	5.62504786134514e-90	2.71933570867292e-76
24	"OUMVA"	24386.1561146651	-48760.3122293301	-48760.2704798271	-48726.6500836203	6	1900	48	2.9	3.24005940096946	4.79441016490397e-07	1.00012001108285e-09	7.13199893179613e-08	1.94591014905531	1.62836119424649e+26	4.69767327241647e-157	3.93106992312605e-131
24	"OUMA"	24896.2356417395	-49782.4712834791	-49782.4414772198	-49754.4194953875	5	6.2e+09	1.3e+07	1600	3.27490712308468	1.4841585057641	1e-09	1e-09	1.94591014905531	1950876875209.48	7.70014868233691e-87	7.71980248283232e-75
25	"OUMVA"	158929.562464159	-317847.124928317	-317847.083178814	-317813.462782607	6	1900	47	4.3	0.0137381545021577	0.200478499265911	1.00014947060666e-09	1.79146576299297e-09	-2607354699.13931	0	5.74960994534555	0.0114615410361336
25	"OUMA"	1262196.73459229	-2524383.46918457	-2524383.43937831	-2524355.41739648	5	3.9e+10	1.1e+10	1.2e+07	0.267993860250883	0.467437263372775	1e-09	1e-09	-177063372.709726	64411.0274909143	0.707931501318309	0.00839490766797248
26	"OUMVA"	16370.2140889416	-32728.4281778833	-32728.3864283803	-32694.7660321734	6	1700	110	29	0.00192609682173243	0.180598719370611	1e-09	1e-09	0.484761703663147	0.000191297449161949	1.7047472463142	0.0755010066018871
26	"OUMA"	53956.0069207236	-107902.013841447	-107901.984035188	-107873.962053356	5	4.4e+17	2.7e+12	-2.2e+18	3.0651036343683	3.28896730857755	1e-09	1e-09	-1728745684.95833	5806453.06669161	-35.61665923572	0.142242778959839
27	"OUMA"	16620.7114067853	-33231.4228135706	-33231.3930073113	-33203.3710254791	5	510000	56000	-3600000	0.0195444608441691	0.212828102918341	1e-09	1e-09	-9017867.58235621	0	1.72354886308151	0.0236255177951481
28	"OUMVA"	82527.6109089703	-165043.221817941	-165043.180068438	-165009.559672231	6	1400	260	19	0.0673643521295438	0.247726025537057	1.00186948388257e-09	4.34232205360351e-07	1017537893.22494	0	-22.9056593607957	0.192442320597385
28	"OUMA"	11104753.2656044	-22209496.5312089	-22209496.5014026	-22209468.4794208	5	2.7e+11	5.6e+10	-4.1e+07	0.221707391752465	0.430168810265136	1e-09	1e-09	-474874780.193416	238009.839881286	1.01633133092999	0.0170569487198295
29	"OU1"	-1946.91011236086	3899.82022472171	3899.83213539169	3916.65129757665	3	5.6e+09	-340000	0	3.41362663125224	0	2.78094814467694	0	0.508656973943772	0.0143615055041941	0	0
29	"OUMVA"	25118.1294237107	-50224.2588474213	-50224.2170979183	-50190.5967017114	6	1700	81	32	3.3863079909346	1.41234663289999	1.00212709118958e-09	4.47513852229278	1.94591014905531	249441458922.229	7.67765441310905e-87	9.84179726302551e-76
29	"OUMA"	25304.170121095	-50598.34024219	-50598.3104359307	-50570.2884540985	5	5.9e+09	1e+07	320	3.38319415200007	1.49950490349768	1.00012485069287e-09	1.00012485069287e-09	1.94591014905531	39373301828.6425	9.15054802181785e-83	1.85151040676483e-72
3	"OUMVA"	24304.4620673838	-48596.9241347675	-48596.8823852645	-48563.2619890576	6	5.6e+09	980	32	3.38463825407064	0.975660022879494	1.00024583988307e-09	0.130761788109238	1.94591014905531	10422582564506	5.26882816810683e-109	2.82206229444602e-96
3	"OUMA"	24576.9771059794	-49143.9542119588	-49143.9244056995	-49115.9024238673	5	5.7e+09	5.9e+08	2100	3.42533336326889	1.07539323669433	1.00122143005251e-09	1.00122143005251e-09	1.94591014905531	3767862450342.86	2.03321846667969e-106	3.93691739449801e-94
30	"OUMA"	23340.2317526278	-46670.4635052557	-46670.4336989964	-46642.4117171641	5	1.1e+08	510	-5.4e+08	3.29978070160272	1.15325938067383	1.00002428868885e-09	1.00002428868885e-09	1.42174598649794	2.7570458413838e+40	1.75806962493345e-110	3.40924370057525e-70
30	"OUMVA"	24024.4930828769	-48036.9861657537	-48036.9444162507	-48003.3240200439	6	5.8e+09	980	33	2.06132658850657	1.93882003895996e-06	1.0012184776678e-09	0.367245497129211	1.42174215906101	5.3583055317445e+38	4.12723224404088e-99	1.5554839689527e-60
31	"OUMVA"	24122.2558337435	-48232.5116674869	-48232.469917984	-48198.8495217771	6	1700	120	25	3.44000738313198	0.760711754337165	1.01010833720904e-09	2.80482705171021e-06	1.94591014905531	105016134619339008	3.03484924941084e-122	1.6378358347134e-105
31	"OUMA"	345875.727964391	-691741.455928782	-691741.426122522	-691713.40414069	5	3.1e+09	4.6e+08	3200000	0.0500120694066781	0.254403188775719	1e-09	1e-09	-2673385.20684878	2229.2770358956	-21.0953542891941	0
32	"OUMA"	1269452.9256379	-2538895.85127581	-2538895.82146955	-2538867.79948772	5	4.6e+10	1.4e+10	1.8e+07	0.328411015833955	0.531948561049301	1e-09	1e-09	724764052.382393	379920.224459298	15.9987021661077	0.0170649253618727
33	"OUMVA"	24289.8306328448	-48567.6612656896	-48567.6195161866	-48533.9991199797	6	1600	170	24	3.30488650921797	1.37412913192767	1.00144646721357e-09	1.01120346184373e-09	1.94591014905531	244026.645085024	7.30721292482611e-95	9.1636022137657e-90
33	"OUMA"	37490.3421901824	-74970.6843803647	-74970.6545741054	-74942.6325922732	5	3.6e+08	-2e+08	-4.5e+09	0.197860322201455	0.369063691439302	1e-09	1e-09	-541010412.66916	292155.711007165	3.33104407843685	0.00635317613232984
34	"OUMVA"	24217.6408188705	-48423.2816377411	-48423.2398882381	-48389.6194920312	6	1700	63	13	2.36828320594628	5.67046516420358e-09	1e-09	35.2628065911734	1.94591014905531	1572892135537.07	6.06596853062129e-121	4.90316276980287e-109
34	"OUMA"	149047.106170373	-298084.212340746	-298084.182534486	-298056.160552654	5	5.8e+09	1.1e+09	-1200000	0.324790686979238	0.510408995595672	1e-09	1e-09	-16467787.8343697	85804.2218389529	1.70731398638102	0.00693937059132051
35	"OUMA"	49185.4261319711	-98360.8522639423	-98360.822457683	-98332.8004758507	5	3.9e+08	9.8e+07	760000	0.101299439944557	0.30849156408418	1e-09	1e-09	146279483.280054	570585.130767698	-775.11215353525	0.0694012118632343
36	"OUMVA"	17316.2302347156	-34620.4604694312	-34620.4187199282	-34586.7983237213	6	1600	170	25	0.12755508108552	0.252359202066271	1e-09	8.61874191413008e-08	0.124811187576277	2.64020345505366e-05	1.29846947873543	0.0947825663695433
36	"OUMA"	19938.2045016738	-39866.4090033476	-39866.3791970883	-39838.3572152561	5	3.3e+16	-1.7e+14	-1.7e+17	3.02929139048017	3.20564793345993	1e-09	1e-09	2.01264092924102e-17	0	1.42717236983478	0.0471713547311889
37	"OUMVA"	24182.8054171157	-48353.6108342315	-48353.5690847285	-48319.9486885216	6	5.6e+09	980	27	3.36546623866527	1.5827276869653	1e-09	1.00212435372328e-09	1.36975391709245	31756439.3648298	2.16340959032168e-72	5.52550202144826e-68
37	"OUMA"	24215.1450097931	-48420.2900195861	-48420.2602133268	-48392.2382314946	5	5.9e+09	3700000	-31	3.36900039831629	1.59850172353001	1e-09	1e-09	1.36975185582488	25793170.7789171	3.8153171745116e-71	1.46188438548789e-73
38	"OUMVA"	24492.8828166773	-48973.7656333547	-48973.7238838517	-48940.1034876448	6	1600	190	25	3.42004472415008	1.54352051457743	1e-09	1.12303400462731e-09	1.30033436709502	692960908.363196	3.89787145135607e-82	0
38	"OUMA"	28649.3203711896	-57288.6407423793	-57288.6109361199	-57260.5889542877	5	1.6e+09	2.3e+08	-3100000	0.470420761572788	0.677193285267539	1e-09	1e-09	28170310.8732304	260567.53585837	1.70531960355876	0.0198357636304321
39	"OUMVA"	16999.4361438011	-33986.8722876023	-33986.8305380993	-33953.2101418924	6	1600	170	27	0.0752342304408446	0.190417771469982	1e-09	4.61007066677749e-06	0.409796929468856	2.86467934270202e-05	1.10017978293881	0.0918178429891253
39	"OUMA"	102311.085657251	-204612.171314502	-204612.141508243	-204584.119526411	5	2.2e+09	4.9e+08	670000	0.2193220904667	0.436507468429915	1e-09	1e-09	247970553.477503	1489995.30318583	2868.75922618228	0
4	"OUMVA"	24267.42602092	-48522.8520418401	-48522.8102923371	-48489.1898961302	6	1600	140	24	3.38382698593839	0.995826397275292	1e-09	0.195926586809321	1.94591014905531	2537170409221.01	6.77790015912346e-110	8.83734931375479e-98
4	"OUMA"	82694.1296810143	-165378.259362029	-165378.229555769	-165350.207573937	5	2.2e+09	4.2e+08	-73000	0.261097037453347	0.472175056499509	1e-09	1e-09	139140478.482045	990362.246799777	0.744009647626523	0.0340020703871736
40	"OUMA"	24202.2086423511	-48394.4172847021	-48394.3874784428	-48366.3654966105	5	6.5e+09	4.4e+07	500	3.18352915649411	1.16252566576781	1e-09	1e-09	1.94591014905531	11362561618524.5	4.24051490448089e-98	2.47612213338082e-85
40	"OUMVA"	24230.3691921521	-48448.7383843043	-48448.6966348013	-48415.0762385944	6	1900	47	2	3.20217813593285	1.15676718304583	1.00162769535055e-09	1.01268415374154e-09	1.94591014905531	18682409806839.6	2.88499136228906e-99	2.76983965296057e-86
41	"OUMA"	24454.8891221522	-48899.7782443044	-48899.748438045	-48871.7264562128	5	8300000	1200	-5e+08	3.43266471780839	1.41610835254813	1e-09	1e-09	0.530628672357483	489976.745662795	6.92012059642219e-95	6.38996410474818e-89
41	"OUMVA"	24502.9599124578	-48993.9198249155	-48993.8780754125	-48960.2576792056	6	1600	170	27	3.49715146795661	1.31702312714712	1e-09	1e-09	0.530628375597885	3520770.68318436	9.92651048254288e-102	6.58633588033816e-95
42	"OUMVA"	24513.1108746667	-49014.2217493335	-49014.1799998305	-48980.5596036236	6	1500	220	26	3.44797485328555	1.12313001546437	1.00022900287276e-09	1.17132506225582e-09	1.94591014905531	1403648323895.82	7.1427310491382e-104	5.15228437964043e-92
42	"OUMA"	377140.523402632	-754271.046805264	-754271.016999005	-754242.995017173	5	7.9e+09	1.4e+09	-2800000	0.177950838034763	0.398429982099832	1e-09	1e-09	5966252651.26934	1848599.668922	-17.9370357920077	0.0451603444587881
43	"OUMV"	-1969.42956265049	3948.85912530099	3948.8889315603	3976.91091339255	5	6.6e+09	1.2e+09	-1.5e+10	3.43226058489977	3.43226058489977	2.89452232563016	2.19007359016694	0.498439145050817	0.0149103669498386	0.862986124226327	0.0713188921063318
43	"OUMVA"	24158.4667574184	-48304.9335148367	-48304.8917653337	-48271.2713691268	6	6.6e+09	1.2e+09	-1.5e+10	3.43143845702752	1.24607382285583	1.0001064547149e-09	0.00149585106318495	1.94591014905531	357523049.911989	1.04256339039402e-100	1.91550695822831e-92
43	"OUMA"	24281.3279098126	-48552.6558196251	-48552.6260133658	-48524.6040315336	5	5.7e+09	6100000	750	3.42489153034317	1.42805310630634	1e-09	1e-09	1.94591014905531	24634197.6757699	1.4859193305692e-92	1.88109561673543e-85
44	"OUMA"	24586.6806094338	-49163.3612188676	-49163.3314126083	-49135.309430776	5	5.9e+09	1.6e+07	110	3.37096630101439	1.43730296422618	1e-09	1e-09	1.94591014905531	772109640430.908	7.13875300073431e-88	2.83255627974288e-76
44	"OUMVA"	24591.7730292199	-49171.5460584399	-49171.5043089369	-49137.88391273	6	1700	130	33	3.37936230434879	1.44186512562984	1.00146835537797e-09	1.00114041067301e-09	1.94591014905531	834772429175.943	4.76428913182338e-88	2.0438236646227e-76
45	"OUMA"	517141.814436029	-1034273.62887206	-1034273.5990658	-1034245.57708397	5	1.2e+10	4.2e+09	9100000	0.24516146644552	0.448136501903329	1e-09	1e-09	-4734264474.00777	1319061.53099675	-2.77607024297783	0
46	"OU1"	-1949.24071903589	3904.48143807179	3904.49334874177	3921.31251092673	3	3.2e+09	-2.6e+09	0	3.45905273958757	0	2.82796805657396	0	0.511757022724748	0.0144186582344849	0	0
46	"OUMV"	-1938.38722902611	3886.77445805221	3886.80426431153	3914.82624614378	5	4.9e+10	970	-4.8e+10	3.45906283075741	3.45906283075741	2.82228206443104	2.1519874340066	0.500091405231022	0.0146415348112461	0.864880988172103	0.0708252706213087
46	"OUMVA"	23016.8313866964	-46021.6627733928	-46021.6210238898	-45988.0006276829	6	4.9e+10	970	-4.8e+10	1.76479066673488	2.57978791446965e-07	1e-09	0.0654044712281391	1.3683401753041	6461276480877.97	1.95357122901596e-84	9.22472647048857e-72
46	"OUMA"	23375.9424504493	-46741.8849008986	-46741.8550946393	-46713.833112807	5	5.7e+09	4100000	-52	3.44867526926706	1.8497996058022	1e-09	1e-09	1.36902249204048	87732743375.5611	1.65367595888484e-73	5.59521925547903e-64
47	"OUMVA"	24237.8186239496	-48463.6372478992	-48463.5954983963	-48429.9751021894	6	1500	190	21	3.40758708454799	1.34340995429976	1e-09	1.01002315129962e-09	1.94591014905531	16421204.2064492	5.2220213054455e-94	4.40677480760246e-87
47	"OUMA"	727909.952417395	-1455809.90483479	-1455809.87502853	-1455781.8530467	5	2.1e+10	2e+09	-3.5e+07	0.197962734392599	0.39615971110013	1e-09	1e-09	-141381655.878322	0	0.551095408396439	0
48	"OUMVA"	24630.6322895113	-49249.2645790227	-49249.2228295197	-49215.6024333128	6	5.7e+09	980	32	3.39582334059339	2.36943825696084e-08	1.00287017084366e-09	42.9875028014872	1.94591014905531	839583731371579904	1.74060774970748e-160	7.51003816935306e-143
48	"OUMA"	24839.1682615541	-49668.3365231082	-49668.3067168489	-49640.2847350166	5	5.8e+09	3.8e+07	1100	3.39928435155567	1.31696089103763	1.00000382706491e-09	1.00000382706491e-09	1.94591014905531	1183994743.08209	1.079134228598e-94	6.5660238956062e-86
49	"OUMA"	24109.8444216169	-48209.6888432339	-48209.6590369746	-48181.6370551423	5	5.3e+09	1.2e+07	640	3.59574979984679	1.46938529318355	1e-09	1e-09	1.31994522334941	17245.1970229073	4.35938649535881e-99	5.69557567098853e-95
49	"OUMVA"	25161.6916553852	-50311.3833107705	-50311.3415612675	-50277.7211650606	6	5.1e+09	980	32	3.53312400935638	1.17111176500949e-08	1.00348867614009e-09	11.7947328969324	1.94591014905531	386882368254873088	3.80167160764469e-156	7.55841538920119e-139
5	"OUMVA"	17945.2988132533	-35878.5976265065	-35878.5558770035	-35844.9354807967	6	1500	220	24	0.322858351788041	0.413940527625851	1e-09	4.54587003595682e-05	0.130584422728495	8.66898340987388e-06	1.54256763805703	0.0755950548370808
5	"OUMA"	139294.926382831	-278579.852765662	-278579.822959402	-278551.80097757	5	2.1e+09	3.5e+08	1200000	0.150454967832453	0.353711602245519	1.05148896686732e-09	1.05148896686732e-09	-79463520.8223389	222124.187676983	135.09120347785	0.0297342117640372
50	"OUMVA"	35772.5725096056	-71533.1450192113	-71533.1032697083	-71499.4828735014	6	1600	180	24	0.0065326444432459	0.470095971991008	1e-09	7.5471699599492e-09	-62703.5997217071	9841034088665124	1.03654148509679	1008204897954.64
50	"OUMA"	44067.2631556365	-88124.5263112729	-88124.4965050136	-88096.4745231814	5	2.7e+11	5.4e+08	-1.3e+08	1.46472226193473e-05	0.569207019657435	1e-09	1e-09	-489684.285294159	8.02265905030439e+21	0.0896802594106051	9705690000234284
51	"OUMA"	49542.414760489	-99074.8295209781	-99074.7997147188	-99046.7777328865	5	3.4e+09	5e+08	-39000	0.429422347626929	0.663900654790678	1e-09	1e-09	-717065742.040749	5157136.66779104	-9.00596091580726	0.164631326749974
52	"OUMA"	23373.2089020912	-46736.4178041825	-46736.3879979232	-46708.3660160909	5	3.7e+08	510000	-6.4e+08	0.27357568463157	0.476210703718996	1e-09	1e-09	-131156150.622255	0	0.706961610657849	0.0450605936078199
52	"OUMVA"	24516.4515376143	-49020.9030752286	-49020.8613257257	-48987.2409295188	6	1700	130	24	3.34126403626799	1.43072250993273	1e-09	1e-09	1.94591014905531	137069.128898585	8.75953213336237e-91	6.17017923290049e-86
53	"OUMVA"	24454.5062775685	-48897.012555137	-48896.970805634	-48863.3504094271	6	1800	51	4.6	3.34855766077228	1.31359223362834	1e-09	0.000660165467525375	1.94591014905531	8884741400.81778	5.93347768428352e-95	2.70913920963797e-85
53	"OUMA"	42370.5354269221	-84731.0708538442	-84731.0410475849	-84703.0190657527	5	1.6e+09	3.2e+08	-170000	0.392752198481527	0.587530567140164	1e-09	1e-09	239213638.003164	624851.92892887	-4.59641481283784	0.0210881731016387
54	"OUMVA"	28750.8839053491	-57489.7678106983	-57489.7260611953	-57456.1056649884	6	1600	150	25	3.12709727572222e-07	0.241301804240417	1.00016673519978e-09	1.38210589954989e-09	2.33298351066635e-11	0	0.909402731728824	883.835905668956
54	"OUMA"	31095.8373557057	-62181.6747114113	-62181.644905152	-62153.6229233198	5	8.7e+10	6.7e+08	-1.7e+08	2.50408534027911e-07	0.237901250582935	1e-09	1e-09	3.48301418232145e-11	0	0.908816757324647	596.09594654324
55	"OUMVA"	24355.3825992175	-48698.765198435	-48698.7234489321	-48665.1030527252	6	1700	80	18	2.8966063936866	2.80283870456507e-07	1.00112499556874e-09	93.1763136759994	1.94591014905531	1666876634941181952	1.54354165797344e-134	1.32220571745482e-116
55	"OUMA"	24736.0376277245	-49462.0752554491	-49462.0454491897	-49434.0234673575	5	5.7e+09	9.4e+07	390	3.42749701675711	1.13294731315944	1e-09	1e-09	0.0953101798078278	34422889.6609088	5.98576621100726e-105	2.16186109954927e-96
56	"OUMVA"	24714.0237069428	-49416.0474138855	-49416.0056643826	-49382.3852681757	6	1500	170	25	3.42962378403979	1.35653297507104	1.0000959003067e-09	1.00374031739758e-09	1.94591014905531	4561529712811282	6.05347642310105e-94	1.41903327772782e-78
56	"OUMA"	24725.1138608272	-49440.2277216545	-49440.1979153952	-49412.1759335629	5	5.7e+09	1.1e+07	380	3.42783418797062	1.39004952456381	1.0037598307388e-09	1.0037598307388e-09	1.94591014905531	2039603009102134	2.27588049941176e-92	2.38546097167467e-77
57	"OUMVA"	16251.5567766985	-32491.113553397	-32491.071803894	-32457.4514076871	6	1900	51	3.1	0.000310906151462661	0.119525378920386	1e-09	0.000433048854498347	0.490084222501751	0.000206374247575514	1.67577307918906	0.982654710741674
57	"OUMA"	27211.8646536032	-54413.7293072064	-54413.6995009471	-54385.6775191148	5	3.2e+08	6.4e+07	120000	0.246114342551159	0.446940945918519	3.7018783187019e-09	3.7018783187019e-09	-7142558.35314569	53633.0597264376	25.108453140817	0.0231441760665084
58	"OUMA"	423652.722103905	-847295.44420781	-847295.414401551	-847267.392419718	5	2.9e+13	1.5e+11	6100000	1.01553957725439	1.21822675824345	1e-09	1e-09	579469356.54089	207835.584531206	1.68773861642715	0.00990916521415656
59	"OUMVA"	22367.579767492	-44723.159534984	-44723.117785481	-44689.4973892741	6	1600	160	26	2.12215208462496e-09	0.49760015854197	1.01590929669501e-09	3.78305562478777e-08	-70368.3167337709	0	0.516351256795558	783302427179936
59	"OUMA"	22410.2666247699	-44810.5332495398	-44810.5034432805	-44782.4814614482	5	7.2e+09	-4.4e+07	-7e+09	9.56425639613403e-09	0.7289612231381	1e-09	1e-09	209.162641252848	9.52747962863632e+25	1.66039222551461	6.60301546079819e+22
6	"OUMVA"	24550.445968431	-49088.891936862	-49088.850187359	-49055.2297911522	6	5.9e+09	980	31	3.25561398323464	1.43733521294592	1e-09	0.000781869143014571	1.94591014905531	182972270.622736	4.15535884620334e-87	3.90724846011625e-79
6	"OUMA"	24725.7987099542	-49441.5974199083	-49441.567613649	-49413.5456318168	5	6.1e+09	7200000	1500	3.29645995310169	1.65731302006223	1e-09	1e-09	1.94591014905531	9168171.25224508	4.99452509532811e-79	2.35317449882431e-72
60	"OUMVA"	24629.6777765933	-49247.3555531865	-49247.3138036836	-49213.6934074767	6	1500	210	27	3.19971670000061	1.30593813181089	1.00692910869403e-09	5.16774198856922e-06	1.94591014905531	105222847878731	5.92262842002099e-91	3.20259303639822e-77
60	"OUMA"	24728.9532743584	-49447.9065487168	-49447.8767424575	-49419.8547606252	5	6.4e+09	7400000	1100	3.21187626941546	1.51656540565893	1e-09	1e-09	1.94591014905531	1066897791287.19	1.85849261801483e-81	1.01896876905965e-69
61	"OUMVA"	24591.2538992112	-49170.5077984224	-49170.4660489194	-49136.8456527126	6	1500	170	24	3.29698577568355	1.30762309291612	1e-09	17.3957242702598	1.94591014905531	5522219707.46185	6.06106801201421e-96	1.72004597645274e-86
61	"OUMA"	24803.0263540994	-49596.0527081988	-49596.0229019395	-49568.0009201073	5	6.1e+09	1.7e+07	1100	3.29941785343922	1.42581434223251	1.01274407140604e-09	1.01274407140604e-09	1.94591014905531	780073109.4111	8.72606619911659e-91	3.49809039033821e-82
62	"OUMVA"	24524.0252771343	-49036.0505542685	-49036.0088047656	-49002.3884085587	6	1500	220	29	3.30182990735015	1.0756470867558	1.0000064844035e-09	0.0314685740118696	1.94591014905531	16692820919364790	5.45156990710667e-105	4.67658181611874e-89
62	"OUMA"	24751.9776159491	-49493.9552318982	-49493.9254256389	-49465.9034438066	5	6.1e+09	3100000	1800	3.30169357059113	1.64474553231302	1e-09	1e-09	1.94591014905531	65914145544.7937	6.17518031948495e-79	2.09172933571203e-68
63	"OUMA"	21079.1910423792	-42148.3820847585	-42148.3522784992	-42120.3302966669	5	4e+13	3.5e+11	-3.7e+11	2.55072685913478	2.79652893756832	1.24377565628111e-09	1.24377565628111e-09	-64508856.2121712	1410581.69418969	881.321828468722	0.305055281293964
63	"OUMVA"	24783.450811388	-49554.901622776	-49554.859873273	-49521.2394770661	6	1600	200	25	3.39949442738075	1.24715503315196	1.00756360530485e-09	3.15820531174627e-07	1.94591014905531	65071615.3949028	1.73165943362616e-98	5.79070424519632e-91
64	"OUMVA"	24540.7971200344	-49069.5942400687	-49069.5524905658	-49035.9320943589	6	1600	190	26	3.3244735218644	1.9019700531069	1e-09	1.00516218183458e-09	1.94591014905531	1439213.05603119	2.27935582161342e-66	1.68583254442622e-60
64	"OUMA"	83660.8665034178	-167311.733006836	-167311.703200576	-167283.681218744	5	2.7e+16	-1.7e+14	-1.4e+17	3.13512623028964	3.35979575047611	1e-09	1e-09	-1903522759.21965	3383281.62067585	1.70859782194839	0.091366269661225
65	"OUMVA"	24792.5060683563	-49573.0121367126	-49572.9703872096	-49539.3499910027	6	1600	190	28	3.46449208021421	1.59588719379637	1.00015419827323e-09	1.11708007336683e-08	1.94591014905531	9508453553.06478	3.81341826656136e-85	1.86338051032884e-75
65	"OUMA"	145303.707682499	-290597.415364998	-290597.385558739	-290569.363576907	5	1.8e+09	3.5e+08	970000	0.12638113459542	0.31688144961549	1e-09	1e-09	157444688.99141	0	1.65895545480346	0.00935190649520447
66	"OUMA"	24972.2136295137	-49934.4272590274	-49934.3974527681	-49906.3754709359	5	1.8e+07	1400	-5.4e+08	3.28922566667937	1.50626158460183	1e-09	1e-09	1.94591014905531	8823806698.41158	9.46155108923354e-85	4.29037784293755e-75
67	"OU1"	-1964.36645389724	3934.73290779448	3934.74481846446	3951.56398064942	3	7e+09	-1.3e+09	0	3.37630723961068	0	2.80166706814029	0	0.508878520349672	0.0145040307752459	0	0
67	"OUM"	-1954.42905042396	3916.85810084791	3916.8779618211	3939.29953132117	4	3.4e+09	-2.7e+09	0	3.37630864706136	3.37630864706136	2.7741056396823	2.7741056396823	0.496971675568991	0.0146763570292401	0.859516173519574	0.0797737594471897
67	"OUMVA"	24267.271774138	-48522.543548276	-48522.501798773	-48488.8814025661	6	5.7e+09	980	32	3.37327477150608	1.04999981251012e-09	1.00120031263419e-09	1.06164327506287e-07	1.94591014905531	3.87846015608536e+26	5.04286378344788e-162	1.0051104500464e-135
67	"OUMA"	24969.3207137385	-49928.641427477	-49928.6116212177	-49900.5896393854	5	1.5e+09	1100000	-7.2e+07	0.0512018832963895	0.223539612237742	1.59800191991928e-09	1.59800191991928e-09	-22819297.7183203	260445.907538282	-8.98535732278412	0.0101150496761621
68	"OUMVA"	32954.5018793989	-65897.0037587978	-65896.9620092948	-65863.3416130879	6	1500	190	25	0.861537262589782	3.12127317519192	1e-09	1.72110524830563e-09	3.9005082041982e-09	0	0.717627572282981	2.52920638606812e+97
68	"OUMA"	41157.5759318577	-82305.1518637155	-82305.1220574562	-82277.1000756239	5	1.1e+07	7200	-7.6e+07	4.58826136288893e-05	0.570424686695194	1e-09	1e-09	-59685.1126679401	2.29012515927135e+21	2.07876770514025	7434990551310756
69	"OUMA"	23790.0634316751	-47570.1268633502	-47570.0970570909	-47542.0750752586	5	6e+09	2.1e+07	130	3.34566858014398	1.39879485349055	1e-09	1e-09	1.31994348321262	9303770746119993344	8.30314159555711e-98	5.85256314835659e-79
69	"OUMVA"	23879.5246142938	-47747.0492285875	-47747.0074790845	-47713.3870828776	6	1900	40	2.7	3.37393566988066	1.77904344608104	1.00036285639148e-09	2.84749495897013e-08	1.31994486795243	379289616841175	-2.91231672969732e-28	4.41505905653837e-16
7	"OUMA"	36199.073401417	-72388.146802834	-72388.1169965747	-72360.0950147424	5	1.4e+09	8.7e+07	-2700000	0.30251663976073	0.525308505128675	1.7389307872626e-09	1.7389307872626e-09	464881574.313831	7055260.33254824	1.16343172998678	0.086507969110737
70	"OUMVA"	18277.6940029407	-36543.3880058815	-36543.3462563785	-36509.7258601716	6	5.9e+09	980	31	0.448521243591283	0.549611675098216	1e-09	6.66716806097063e-06	113.051898735782	70.1923548181138	1.51501224519455	0.0713152877878341
70	"OUMA"	35944.8046238803	-71879.6092477606	-71879.5794415013	-71851.557459669	5	2.4e+14	-8.1e+12	-1.4e+15	2.66033900715624	2.87122531465478	1.01531697588763e-09	1.01531697588763e-09	-792426213.7332	2000583.56263564	1.69282556163638	0.0542000041269872
71	"OUMVA"	24609.2024573438	-49206.4049146875	-49206.3631651845	-49172.7427689776	6	1600	210	29	3.4620515852353	1.29130866109026	1e-09	9.52949203488675e-09	1.94591014905531	78116732894165.8	6.4408400743224e-97	2.58561467467622e-83
71	"OUMA"	24615.9049338135	-49221.809867627	-49221.7800613677	-49193.7580795355	5	5.7e+09	5.8e+07	1700	3.44501969015414	1.26862525876985	1.00015431034266e-09	1.00015431034266e-09	1.94591014905531	87624215391923	3.65076352469696e-97	1.64393658971522e-83
72	"OUMA"	61804.5768563051	-123599.15371261	-123599.123906351	-123571.101924519	5	9.6e+10	3.6e+09	-81000	0.680401817799184	0.91336211927495	1e-09	1e-09	-456912173.708742	2663340.97405602	-100.750947924057	0.160734879010759
73	"OUMVA"	24412.0769452128	-48812.1538904256	-48812.1121409226	-48778.4917447157	6	1600	150	29	3.27220517356309	1.70980591464709	1e-09	1.02256612459184e-09	1.94591014905531	89658.2743415013	5.65361685477173e-75	2.60491745318229e-70
73	"OUMA"	318393.501721871	-636777.003443741	-636776.973637482	-636748.95165565	5	7.2e+09	2.3e+09	970000	0.267061484032909	0.477555178187821	1e-09	1e-09	-462804394.988677	998736.111098576	0.533628293278299	0.0534880561676289
74	"OUMA"	18716.2620259272	-37422.5240518544	-37422.494245595	-37394.4722637628	5	630000	290000	410	0.0195600011424386	0.359852048424343	1e-09	1e-09	-2021600.43023535	0	0.615461430290113	0
74	"OUMVA"	21039.2212277145	-42066.4424554289	-42066.400705926	-42032.7803097191	6	1500	220	24	1.84825124580337	0.761185497286289	1.00004946760212e-09	1.20421054009311e-09	0.408303053831557	4.75408141521056e-05	1.17421532487687e-51	5.25937436869869e-53
75	"OUMVA"	16930.082392523	-33848.164785046	-33848.123035543	-33814.5026393362	6	5.8e+09	980	32	0.0776318665524089	0.117551503553411	1e-09	33.3653990401275	0.186105377475279	4.08874401307438e-05	9.37165270605604	7.6225945568242
75	"OUMA"	24212.4372981727	-48414.8745963454	-48414.8447900861	-48386.8228082538	5	3.5e+10	6e+09	1300	3.35133467613794	1.00581462892056	1e-09	1e-09	1.31994337976396	27844534.1585881	2.77535636065745e-116	5.85468332743187e-109
76	"OUMVA"	24560.3528078535	-49108.7056157069	-49108.663866204	-49075.0434699971	6	1500	190	26	3.27476332836052	1.08854364676167	1e-09	0.00204540584659789	1.94591014905531	293423503640.179	2.35075117731181e-103	3.54469422428352e-92
76	"OUMA"	24673.9459579592	-49337.8919159184	-49337.8621096591	-49309.8401278268	5	6.3e+09	1.2e+08	2300	3.25442464435821	1.15150992042918	1e-09	1e-09	1.94591014905531	69882932627.2229	1.88260381067783e-99	6.76094296179203e-89
77	"OUMA"	8072878.08848568	-16145746.1769714	-16145746.1471651	-16145718.1251833	5	2.7e+11	1.6e+10	-8.9e+08	0.254802241888665	0.450755227942539	1e-09	1e-09	117616552.652105	29745.9559312254	-280.472764234245	0.00595452151068862
78	"OUMVA"	17403.3808537554	-34794.7617075108	-34794.7199580079	-34761.099561801	6	1600	140	24	0.154381507071344	0.273594994751796	1e-09	4.20765487468976e-07	0.0929083219543024	1.97246188630191e-05	1.26087677982809	0.0817064470881358
78	"OUMA"	24569.2345979268	-49128.4691958536	-49128.4393895943	-49100.4174077621	5	6.4e+09	1.8e+07	1300	3.21747201005012	1.3614704230792	1.02768449102529e-09	1.02768449102529e-09	1.94591014905531	877263790.524203	8.24559771942128e-89	3.71731670857924e-80
79	"OUMVA"	24410.3052210345	-48808.6104420691	-48808.5686925661	-48774.9482963592	6	5.7e+09	980	32	3.38213091563969	1.26111605796302	1.01596872070415e-09	1.0381505894291e-09	1.94591014905531	610773140343.653	4.11872642425181e-98	1.29276651009705e-86
79	"OUMA"	112722.5726812	-225435.1453624	-225435.11555614	-225407.093574308	5	1.9e+09	3.6e+08	-830000	0.170792954033051	0.378234727132685	1.10505959712144e-09	1.10505959712144e-09	-498268298.578399	719076.470518286	-26.642049524	0.140354786902022
8	"OUMVA"	24525.2108461439	-49038.4216922877	-49038.3799427847	-49004.7595465778	6	6.2e+09	980	32	3.17271152565619	1.16220209867085	1.00009541459769e-09	0.00788703956636252	0.541148242533675	43574734323.7143	3.92795912939342e-97	3.1628999605792e-86
8	"OUMA"	24701.1930479652	-49392.3860959303	-49392.356289671	-49364.3343078387	5	6.3e+09	6200000	1400	3.23236416684391	1.5427814081595	1e-09	1e-09	0.609246446681693	135658621.773515	7.25903788011692e-82	1.61634274534044e-73
80	"OUMVA"	24549.2675203498	-49086.5350406996	-49086.4932911966	-49052.8728949897	6	1400	240	22	3.38787211543994	1.39393454136298	1.00027490767428e-09	1.14077425795402e-09	0.629441061288047	8507.27627967195	2.06284609574133e-92	2.78806114475377e-88
80	"OUMA"	30802.6576911607	-61595.3153823214	-61595.2855760621	-61567.2635942298	5	1.2e+09	2.3e+08	-240000	0.418935897530098	0.629755466304594	1e-09	1e-09	-487917519.044481	1633091.04774323	10.2189576001955	0.0321802565758593
81	"OUMA"	9052643.99986273	-18105277.9997255	-18105277.9699192	-18105249.9479374	5	2.1e+11	3.9e+10	-1200000	0.191182850815176	0.408129846131725	1.89895491742004e-09	1.89895491742004e-09	-451957836.204937	213961.667575035	-282.660099915043	0.457097303783531
81	"OUMVA"	7859869507678.71	-15719739015345.4	-15719739015345.4	-15719739015311.8	6	1500	210	21	2.91941498409119	2.08369140979742	1.00023771014183e-09	1.57304839487257e-07	1.90892722327218	2.79855908031601e-07	-4401173.83584895	2.69552772610187
82	"OUMVA"	17383.3563986066	-34754.7127972132	-34754.6710477102	-34721.0506515033	6	5.8e+09	980	32	0.145116080284815	0.294473221613553	1e-09	1.85558842715576e-09	0.101536505409682	1.85145091840462e-05	1.70959802718029	0.0260220160754043
82	"OUMA"	20057.8237889197	-40105.6475778394	-40105.6177715801	-40077.5957897479	5	3.1e+16	2.1e+13	-2.3e+13	3.17692499091746	3.33686784277537	1e-09	1e-09	4.49987007227469e-11	2.47218537326674e-13	1.71149077653895	0.00940306876242283
83	"OUMVA"	20093.3690754048	-40174.7381508097	-40174.6964013067	-40141.0760050998	6	1500	190	23	3.09851366790383	3.16617917326613	1e-09	0.00367133991232397	84.170176304525	102.621161144914	1.0946734456161	0.0842615111836009
83	"OUMA"	36069.4424055717	-72128.8848111435	-72128.8550048842	-72100.8330230519	5	5.9e+08	1e+08	-130000	0.247547777719311	0.483947336960065	1e-09	1e-09	-167242593.875533	1023132.5867202	-9.04443774766645	0.238593444619001
84	"OUMA"	24392.8575320585	-48775.715064117	-48775.6852578577	-48747.6632760255	5	5.6e+09	4900000	1400	3.48449293028006	1.7529590886967	1e-09	1e-09	1.94591014905531	606240438.086765	1.23913424487917e-77	3.86047263193808e-69
84	"OUMVA"	24445.8876116469	-48879.7752232937	-48879.7334737908	-48846.1130775839	6	5.4e+09	980	32	2.73942270391001	1.43266720552292e-09	1.00336457051067e-09	77.9507615811684	1.94591014905531	64869044089110048	6.6011692410278e-129	2.20057199837205e-112
85	"OUMVA"	17423.8906558801	-34835.7813117601	-34835.7395622571	-34802.1191660502	6	1700	150	25	0.155293487010947	0.267138312564868	1e-09	1.91842012821297e-05	0.983519252907743	0.0194986080529856	0.994877545692086	0.0830075913298778
85	"OUMA"	1983424.58720417	-3966839.17440835	-3966839.14460209	-3966811.12262026	5	7e+10	1.3e+10	1.4e+07	0.266404357119583	0.479914898335606	1e-09	1e-09	-4383049851.67309	868845.589161763	0.769424241386833	0.0286012968037426
86	"OUMVA"	24462.8023373083	-48913.6046746167	-48913.5629251137	-48879.9425289068	6	1400	220	17	3.42541263899635	1.44029504349357	1.01111209792018e-09	1.00001227540552e-09	1.95728654884099	2449145412.25592	-3.81000320087766e-82	2.80161919708015e-73
86	"OUMA"	151181.003499112	-302352.006998224	-302351.977191965	-302323.955210133	5	8.9e+09	8900000	-7.6e+10	0.532712052673708	0.751131259573075	1e-09	1e-09	-418002567.536204	0	1.60216786141625	0.0461955387283683
87	"OUMA"	19916.1398011686	-39822.2796023372	-39822.2497960779	-39794.2278142457	5	3e+05	110000	950	5.55028487195592e-07	0.257773787468298	1.00009937060188e-09	1.00009937060188e-09	-2.17100768686062e-09	0	0.784518211646582	10.0148014485428
87	"OUMVA"	23404.7225943391	-46797.4451886782	-46797.4034391752	-46763.7830429684	6	1700	110	23	3.43020760584413	1.78774055227238	1e-09	1.24635150792985e-09	0.502279534560294	1028478037532399	3.85497140167771e-76	7.89351974177455e-61
88	"OUMVA"	17309.1896405876	-34606.3792811751	-34606.3375316722	-34572.7171354653	6	1900	45	4.8	0.146274238760705	0.305501130318291	1e-09	1.28040806194022e-07	-46086.4008196458	720847.415922235	1.1650768019923	0.0699598262647125
88	"OUMA"	493508.657355375	-987007.31471075	-987007.284904491	-986979.262922658	5	1.3e+12	2.5e+11	-160000	0.861611377811926	1.08517458729909	1.00066534788696e-09	1.00066534788696e-09	-404865627.245063	1164344.55376026	-4080.90216394438	0.0435618709107544
89	"OUMV"	-2152.54902501533	4315.09805003066	4315.12785628997	4343.14983812222	5	5.7e+09	6.2e+07	-6.2e+07	3.38922179195941	3.38922179195941	3.46100795514837	2.15728194130351	0.497997852473991	0.0164222408404481	0.893969654162242	0.0729337715319363
89	"OUMVA"	23916.1172006228	-47820.2344012456	-47820.1926517426	-47786.5722555357	6	5.7e+09	6.2e+07	-6.2e+07	3.2752736487344	3.00765919461312e-06	1.00355217645539e-09	2.33128896953586	1.94591014905531	4.94358437132465e+22	2.10871113479435e-153	5.35718024527929e-131
89	"OUMA"	24682.0025546195	-49354.005109239	-49353.9753029796	-49325.9533211474	5	5.9e+09	1.9e+07	290	3.36912733208146	1.341512562616	1e-09	1e-09	1.94591014905531	1452581692189.82	1.29312001746066e-92	9.65287356191358e-81
9	"OUMA"	19942.7758527997	-39875.5517055994	-39875.5218993401	-39847.4999175078	5	7.7e+16	-1.6e+14	-3.8e+17	3.11666013954704	3.29580296120265	1e-09	1e-09	-36705.918081576	4080.87662478499	1.69029490048814	0.0204048279893308
90	"OUMA"	37043.4504675224	-74076.9009350448	-74076.8711287855	-74048.8491469533	5	3.4e+18	2.7e+12	-1.7e+19	2.96430290506311	3.18790070733338	1e-09	1e-09	784303827.482787	4802024.42446645	0.982878130640083	0.131871767689537
91	"OUMA"	19941.2681890946	-39872.5363781892	-39872.5065719299	-39844.4845900977	5	9.4e+16	-1.7e+14	-4.7e+17	3.06735926209357	3.24837967192742	1e-09	1e-09	-1.81274672421309e-08	0	1.55848983967256	0.0379249875515653
92	"OUMVA"	17072.6340340932	-34133.2680681864	-34133.2263186834	-34099.6059224765	6	1600	170	25	0.100834465730239	0.224895665347947	1e-09	4.85375565478762e-07	0.124806439454927	3.21157005652431e-05	0.895098456735288	0.0744584857555101
92	"OUMA"	23738.2535153905	-47466.5070307811	-47466.4772245218	-47438.4552426895	5	8.6e+09	-8.2e+09	-2.9e+11	1.69094879060156	1.88707617863257	1.00024977132507e-09	1.00024977132507e-09	-169171398.536515	986474.313439263	0.943460140100425	0.0331282269521969
93	"OUMVA"	23637.9555757319	-47263.9111514638	-47263.8694019609	-47230.249005754	6	1700	110	30	3.290172440085	1.75317727200654	1e-09	2.29815001227016e-08	1.47820280665689	5292265436338785	1.39194125304089e-81	4.98343160336881e-66
93	"OUMA"	26897.1533785462	-53784.3067570924	-53784.2769508331	-53756.2549690008	5	1.2e+14	8.9e+11	-9.8e+11	2.40652094591502	2.60966935002366	1e-09	1e-09	724114858.20669	1543059.19462926	90.3443459285942	0.0416788112453762
94	"OU1"	-2189.76164092221	4385.52328184441	4385.53519251439	4402.35435469935	3	7.2e+10	-8e+09	0	3.36734365928766	0	3.50874594361141	0	0.513636718790685	0.0163050026125762	0	0
94	"OUMVA"	24107.3394133025	-48202.6788266049	-48202.6370771019	-48169.016680895	6	5.8e+09	980	32	2.83069711825589	1.59532698217156e-08	1.00056501395795e-09	4.21722728637706e-06	1.94591014905531	1055610271652.13	1.36736909398015e-136	7.41765420898726e-125
94	"OUMA"	24847.4196987869	-49684.8393975739	-49684.8095913146	-49656.7876094823	5	8e+07	-43	-5.3e+08	3.31289588805884	1.18155349279664	1e-09	1e-09	1.94591014905531	65323087.216208	2.74871498890017e-98	9.2272785071599e-91
95	"OUM"	-2060.09807727505	4128.19615455011	4128.2160155233	4150.63758502336	4	6e+09	-6.2e+09	0	3.49456318831924	3.49456318831924	3.1990686912376	3.1990686912376	0.498772351252687	0.0155149029518254	0.871043846174089	0.0844166660422316
95	"OUMA"	23953.6184242339	-47897.2368484678	-47897.2070422085	-47869.1850603763	5	5.6e+09	2500000	69	3.4874095322471	1.64243703371426	1e-09	1e-09	1.94591014905531	3855653723118.75	1.02125912886292e-81	2.02353719383238e-69
95	"OUMVA"	24054.3635068437	-48096.7270136874	-48096.6852641844	-48063.0648679775	6	5.4e+09	970	27	3.47475451279064	0.971210922611239	1e-09	1.22659905748798e-09	1.94591014905531	7134111056128690176	1.07472121812707e-110	3.94015136218834e-92
96	"OUM"	-1979.40021141272	3966.80042282545	3966.82028379864	3989.2418532987	4	8.3e+10	-1.5e+10	0	3.4018574020954	3.4018574020954	2.88637105915285	2.88637105915285	0.498299688627694	0.0149305493339949	0.867184703292609	0.0825542643371796
96	"OUMVA"	25026.9320623138	-50041.8641246276	-50041.8223751246	-50008.2019789178	6	5.7e+09	980	32	3.38772754287438	1.94827785801856	1e-09	1.20608122924151e-09	1.94591014905531	377991.834869375	2.53150560477424e-70	4.917433875327e-65
96	"OUMA"	25030.7271805076	-50051.4543610153	-50051.424554756	-50023.4025729237	5	5.8e+09	2900000	120	3.4005955729025	1.95049512335226	1e-09	1e-09	1.94591014905531	451126.696472421	8.23214964609064e-71	1.90848610174031e-65
97	"OUMA"	20112.9235723859	-40215.8471447718	-40215.8173385125	-40187.7953566802	5	3.3e+16	6.6e+13	-7.4e+13	3.14290832680516	3.287312641308	1e-09	1e-09	10626.6477123726	317.960152997275	0.854690453929927	0.0313611811577872
97	"OUMVA"	25245.8960685349	-50479.7921370699	-50479.7503875669	-50446.12999136	6	1700	100	22	3.25719451368099	1.78148845829698	1.01721709922604e-09	1.29881900882267e-09	1.94591014905531	3424797.80322423	3.91351133713575e-71	6.88777178988579e-65
98	"OUMVA"	25257.9026219385	-50503.805243877	-50503.763494374	-50470.1430981672	6	5.7e+09	980	31	3.31874421209824	4.86477518182222e-09	1e-09	20.3001558835943	1.94591014905531	3380598710109023744	1.3410817488178e-158	2.32983996327126e-140
98	"OUMA"	50155.5703412893	-100301.140682579	-100301.110876319	-100273.088894487	5	3.1e+08	3.3e+07	-28000	0.025580019174149	0.239878613335471	1e-09	1e-09	9749246.27519311	6243.76275788932	121.02828431576	0.0450758000439587
99	"OUMVA"	17214.8482466314	-34417.6964932629	-34417.6547437599	-34384.034347553	6	1700	130	23	0.116318397081728	0.240052691963546	1e-09	1.01628536068546e-06	0.11474968619703	2.44171764679422e-05	1.35611286309391	0.0680153715361316
99	"OUMA"	24421.6678236758	-48833.3356473515	-48833.3058410922	-48805.28385926	5	5.9e+09	4700000	350	3.38002774371212	1.5336278931127	1e-09	1e-09	1.94591014905531	520791431.183848	1.99499678265071e-84	5.33928676073882e-76
