"id"	"model"	"loglik"	"AIC"	"AICc"	"BIC"	"param.count"	"eigval1"	"eigval2"	"eigval3"	"X0_alpha"	"X1_alpha"	"sigma0"	"X1_sigma.sq"	"theta0"	"theta_se0"	"theta_1"	"theta_se_1"
"ouwie_Afr_BM_1"	"OUMA"	26030.6900721748	-52051.3801443496	-52051.3506022521	-52023.2839772684	5	5.9e+09	1.6e+07	1400	3.38271943593505	1.62658082794006	1e-09	1e-09	1.30793820621302	1.45969130566072e+33	-1.61053813044263e-29	0
"ouwie_Afr_BM_10"	"OUMA"	26088.0497680416	-52166.0995360831	-52166.0699939856	-52138.003369002	5	6e+09	7e+06	1400	3.33551955798971	1.75818088186396	1e-09	1e-09	-0.413186004711819	4.89045698476211e+39	4.5449299438625e-55	0
"ouwie_Afr_BM_100"	"OUMA"	26148.6294579477	-52287.2589158953	-52287.2293737978	-52259.1627488142	5	6.1e+09	9500000	1700	3.32110827415276	1.82206408835142	1e-09	1e-09	0.0519827009435434	1.05120803369449e+29	1.5934759508773e-31	0
"ouwie_Afr_BM_11"	"OUMA"	26066.8678394012	-52123.7356788024	-52123.706136705	-52095.6395117213	5	6.1e+09	1.4e+08	1400	3.31056369872058	1.19483497573847	1.00363707765279e-09	1.00363707765279e-09	0.703218888861051	5.70031584694857e+40	3.99554484499036e-21	12088291255115.2
"ouwie_Afr_BM_12"	"OUMA"	25784.4366289078	-51558.8732578156	-51558.8437157181	-51530.7770907344	5	5.6e+07	1e+07	1300	3.24051899207294	1.31452758326504	1e-09	1e-09	-0.134084781318602	1.16624251162874e+37	-9.4098092789333e-26	0
"ouwie_Afr_BM_13"	"OUMA"	16849.2132851294	-33688.4265702588	-33688.3970281613	-33660.3304031777	5	460000	14000	980	1.3418727437607e-09	0.236141202832973	1.00230906342351e-09	1.00230906342351e-09	4.87149267997858e-11	0	3.02438898822826	0.816292065685487
"ouwie_Afr_BM_14"	"OUMA"	25959.0994825277	-51908.1989650553	-51908.1694229578	-51880.1027979742	5	5.9e+09	5.5e+07	1400	3.36459098612974	1.1806685998885	1e-09	1e-09	0.84276950055766	2.16791941440881e+48	1.12189305346103e-30	0
"ouwie_Afr_BM_15"	"OUMA"	29608.1558099798	-59206.3116199597	-59206.2820778622	-59178.2154528785	5	7.8e+07	1200000	20000	0.00258614664623481	0.605941472044086	1e-09	1e-09	5814017.26892339	2.85752556761333e+23	0.573971281544544	78953788082999120
"ouwie_Afr_BM_16"	"OUMVA"	35882.5993082458	-71753.1986164916	-71753.1572371812	-71719.4832159942	6	1000	52	25	0.000877337335801483	0.320144019917723	1.00979844069379e-09	0.00613245013516325	2.19028765715547e-08	1.26086105508603	2.39100505008389	21365218.5951912
"ouwie_Afr_BM_16"	"OUMA"	43281.8266357057	-86553.6532714114	-86553.6237293139	-86525.5571043302	5	2.4e+11	1e+05	-1.7e+11	0.000129749499772884	0.97416595071723	1.08174271979102e-09	1.08174271979102e-09	3719.09363350077	4.33286444927923e+36	1.64022993007459	1.26251462309572e+33
"ouwie_Afr_BM_17"	"OUMA"	40064.1874650017	-80118.3749300034	-80118.345387906	-80090.2787629223	5	1.7e+07	7e+05	9700	0.000319301816422114	0.525921197044751	1e-09	1e-09	-2.73782955149995e-09	0	2.29894789742144	36445667419604.2
"ouwie_Afr_BM_17"	"OUMVA"	48379.2690335803	-96746.5380671607	-96746.4966878503	-96712.8226666633	6	1000	48	25	0.504201661240641	1.69820917134119	1.00351034555769e-09	1.00113646747903e-09	3.39928744181636e-12	8.84333836619221e+33	1.83513044039919	8.14885249415033e+43
"ouwie_Afr_BM_18"	"OUMA"	26033.7714845829	-52057.5429691658	-52057.5134270683	-52029.4468020847	5	5.7e+09	2.8e+08	1400	3.44004754536856	1.11242495462607	1e-09	1e-09	3.35468051109662	8.40198685349908e+61	3.69923864860616e-20	9.62886199993638e+41
"ouwie_Afr_BM_19"	"OUMA"	25848.093769792	-51686.187539584	-51686.1579974865	-51658.0913725028	5	6e+09	3e+07	1100	3.32701930227556	1.262262884357	1.00002219377818e-09	1.00002219377818e-09	0.982320112254269	2.16521459248329e+39	2.18504062372836e-21	3494786077010.81
"ouwie_Afr_BM_2"	"OUMA"	26744.5504284531	-53479.1008569062	-53479.0713148087	-53451.0046898251	5	91000	4500	-5.5e+08	3.24481821222603	6.7739166388907e-08	1e-09	1e-09	0.191533312640152	5.38722745145052e+93	3.09257115974667e-73	0
"ouwie_Afr_BM_20"	"OUMA"	27013.5330332833	-54017.0660665665	-54017.036524469	-53988.9698994854	5	3.6e+08	290000	-280	3.048183369842	9.91253378542216e-08	1.00017711672566e-09	1.00017711672566e-09	1.07535385338534	3.90225211402768e+79	-1.6086156682513e-68	0
"ouwie_Afr_BM_21"	"OUMA"	31926.2076873744	-63842.4153747489	-63842.3858326514	-63814.3192076677	5	3.3e+07	1800000	28000	0.00286872850550792	0.478666179341528	1.04191641988294e-09	1.04191641988294e-09	3.77959546438705e-05	0	2.80236902939524	5270554101711.09
"ouwie_Afr_BM_22"	"OUMA"	26767.0356264706	-53524.0712529411	-53524.0417108436	-53495.97508586	5	740000	110000	440	2.71673108197378	6.55321042239211e-08	1.00006914026532e-09	1.00006914026532e-09	0.00546583037800731	3.27905416751385e+65	2.7104124830322e-67	27.8454584433046
"ouwie_Afr_BM_23"	"OUMA"	36280.3749408697	-72550.7498817395	-72550.720339642	-72522.6537146583	5	3.3e+07	1300000	12000	0.000947363913463116	0.621188065228305	1.0020587413433e-09	1.0020587413433e-09	-2491958.51007361	0	8.97573075865753	65062495242186352
"ouwie_Afr_BM_23"	"OUMVA"	36847.6088122661	-73683.2176245322	-73683.1762452218	-73649.5022240348	6	1000	47	24	0.00416170905358422	0.597656780564521	1.00713132855615e-09	1.00809616793165e-09	-1241405.2183179	5.10447203008464e+21	4.20860299090383	8619652207119894
"ouwie_Afr_BM_24"	"OUMA"	26004.166270917	-51998.332541834	-51998.3029997365	-51970.2363747529	5	6.2e+09	1.1e+07	890	3.2774868315642	1.54049605358791	1.02744207924365e-09	1.02744207924365e-09	-0.413186004711819	1.03270872560138e+39	4.96007136714406e-21	0
"ouwie_Afr_BM_25"	"OUMA"	120309.017308779	-240608.034617558	-240608.00507546	-240579.938450477	5	7.7e+08	1.1e+07	48000	1.6477190554987e-06	0.207784335633374	1e-09	1e-09	-820271.281453975	0	87.4148804472674	0
"ouwie_Afr_BM_26"	"OUMA"	25495.8278733066	-50981.6557466132	-50981.6262045157	-50953.5595795321	5	6.2e+09	5200000	160	3.27984826807674	1.75303275076653	1e-09	1e-09	3.35468051109662	2.98632149522187e+27	1.21139371867988e-16	0
"ouwie_Afr_BM_27"	"OUMA"	17273.9119329025	-34537.8238658049	-34537.7943237075	-34509.7276987238	5	6800000	1100000	4000	0.0589348779584656	0.285726363872026	1e-09	1e-09	143921.46075263	18789.1834016268	2.652137729216	0.0508295866390345
"ouwie_Afr_BM_28"	"OUMV"	-1575.59056255585	3161.1811251117	3161.21066720919	3189.27729219284	5	13000	980	-13000	0.0119545196225331	0.0119545196225331	0.0472728188266801	0.0435205037589306	0.985518455446122	0.343227489408158	2.07182817130007	0.757576386227695
"ouwie_Afr_BM_28"	"OUMVA"	-1575.05559304105	3162.1111860821	3162.15256539244	3195.82658657946	6	13000	980	-13000	0.0115208111666587	0.0144314580972729	0.0471104041285527	0.0317926329112284	1.00300397314861	0.352731004567139	1.84646190378442	0.557996609043171
"ouwie_Afr_BM_28"	"OUMA"	25272.795240227	-50535.590480454	-50535.5609383565	-50507.4943133728	5	2.6e+14	6e+09	830	3.33204591433496	0.999884851836675	1.00339364589172e-09	1.00339364589172e-09	2.61041058204804	4.40688695309286e+55	-3.01227853122952e-25	0
"ouwie_Afr_BM_29"	"OUMA"	26415.942036444	-52821.884072888	-52821.8545307905	-52793.7879058069	5	5.8e+09	3.6e+07	1700	3.40374885045641	1.32886146559937	1e-09	1e-09	-0.78532096923611	2.81479984309689e+35	-7.69792330005415e-37	0.745637200793253
"ouwie_Afr_BM_3"	"OUMA"	19123.3169062037	-38236.6338124075	-38236.60427031	-38208.5376453263	5	1.7e+07	880000	1800	0.0183474835230392	0.378796684372721	1e-09	1e-09	1.62734042277623e-12	7.91935384498885e-05	1.11023967839206	40451991.088223
"ouwie_Afr_BM_3"	"OUMVA"	22733.6535056396	-45455.3070112792	-45455.2656319689	-45421.5916107819	6	990	50	20	3.42820017657148	2.49300640089338	1e-09	1.01815466762169e-09	-1.06442219262933	3347798418013064704	-7.17799839417452e-44	1.46183774887828e-11
"ouwie_Afr_BM_30"	"OUMA"	25933.5259576584	-51857.0519153168	-51857.0223732193	-51828.9557482356	5	3.7e+07	950	-5.4e+08	3.28295511462017	1.28239218959145	1.00070299571903e-09	1.00070299571903e-09	3.16861302883447	3.1140437019063e+37	-3.85706506074756e-21	140641776328766672
"ouwie_Afr_BM_31"	"OUMA"	18980.9465937365	-37951.893187473	-37951.8636453755	-37923.7970203919	5	820000	320000	490	1.05913800450406e-09	0.419477323241398	1e-09	1e-09	-3.40643346155587e-11	0.0793462883605929	-0.374353823828204	556594418.644539
"ouwie_Afr_BM_32"	"OUMA"	19100.3469330847	-38190.6938661694	-38190.6643240719	-38162.5976990883	5	3600000	25000	2200	1e-09	0.350199175960414	1e-09	1e-09	4.02488764753141e-15	3.94731044596222e-07	1.95279222162388	27567240.9083122
"ouwie_Afr_BM_33"	"OUMA"	17549.1369123023	-35088.2738246045	-35088.2442825071	-35060.1776575234	5	2.3e+07	660000	70000	0.000201544215981118	0.197061911227381	1e-09	1e-09	7433.10352612642	0	-0.502790693236578	0.0125689873642099
"ouwie_Afr_BM_34"	"OUMA"	25689.4950961679	-51368.9901923359	-51368.9606502384	-51340.8940252547	5	6.4e+09	1.9e+07	30	3.21298107070515	1.43987733489427	1e-09	1e-09	-0.459702875277356	6.85543669573549e+43	6.55361052177955e-80	0
"ouwie_Afr_BM_35"	"OUMA"	19794.5384703478	-39579.0769406956	-39579.0473985981	-39550.9807736144	5	2.3e+17	-7.7e+14	-1.2e+18	3.09548297936652	3.29492546087892	1e-09	1e-09	11930994.6484794	0	1.69660940071248	0.103153217776466
"ouwie_Afr_BM_35"	"OUMVA"	26100.4248885473	-52188.8497770946	-52188.8083977843	-52155.1343765972	6	990	43	27	3.33200128613165	1.573757136168	1.00497613310471e-09	0.000181742447573433	-0.180581465217347	21752588.070022	-1.54427754260395e-87	1.86021490132508e-79
"ouwie_Afr_BM_36"	"OUMA"	26404.8033678474	-52799.6067356947	-52799.5771935973	-52771.5105686136	5	1.3e+07	1800	-5.9e+08	3.13630447449409	1.72293534662444	1e-09	1e-09	2.09872500582714	3.354372428533e+19	-3.65463924595167e-28	8.57158627414515e-09
"ouwie_Afr_BM_37"	"OUMA"	26195.2369433262	-52380.4738866523	-52380.4443445548	-52352.3777195712	5	5.9e+09	7200000	1200	3.39042269253164	1.67389389051011	1e-09	1e-09	-0.831837827876874	1.00019209339794e+35	-1.67509524361046e-20	0
"ouwie_Afr_BM_38"	"OUMA"	25946.5502959242	-51883.1005918484	-51883.0710497509	-51855.0044247673	5	5.8e+09	2.6e+09	1600	3.40043400179626	1.03732743343967	1.00593930497254e-09	1.00593930497254e-09	2.84299493487572	2.28297047331171e+62	3.21741691260388e-25	6.23356323990075e+37
"ouwie_Afr_BM_39"	"OUMA"	25621.1452010208	-51232.2904020415	-51232.260859944	-51204.1942349604	5	6.3e+09	4.7e+07	1200	3.24953596692347	1.17895343489761	1e-09	1e-09	3.35468051109662	4.92653197211108e+48	-1.87848640907959e-26	0
"ouwie_Afr_BM_4"	"OUMA"	25500.3618152789	-50990.7236305578	-50990.6940884604	-50962.6274634767	5	5.9e+09	1.2e+07	1500	3.35619625883187	1.61047647888312	1e-09	1e-09	-1.11093906319486	1.19380971380635e+50	4.79252700275601e-60	0
"ouwie_Afr_BM_40"	"OUMA"	18741.0836540428	-37472.1673080857	-37472.1377659882	-37444.0711410045	5	2.5e+07	5800000	13000	0.151341119335911	0.333012456120833	1e-09	1e-09	-22161910.2932374	928644.188145933	-0.162054059197552	0.0582225139681548
"ouwie_Afr_BM_41"	"OUMA"	26472.7883416466	-52935.5766832933	-52935.5471411958	-52907.4805162121	5	1.4e+07	-760	-5e+08	3.43511336676144	1.54894777907683	1e-09	1e-09	-0.413186004711819	1.79999168191956e+41	1.48419771033568e-19	0
"ouwie_Afr_BM_42"	"OUMA"	38631.5918280665	-77253.183656133	-77253.1541140356	-77225.0874890519	5	2.6e+09	8.5e+07	23000	0.000216044354940314	0.672337328381397	1.01643392281006e-09	1.01643392281006e-09	-2549472.90959712	9.09270025155961e+24	1.57958680544139	0
"ouwie_Afr_BM_42"	"OUMVA"	39965.5328578652	-79919.0657157305	-79919.0243364201	-79885.3503152331	6	1000	60	29	0.00917003575675989	0.550335243991934	1.00013658967581e-09	1.5185273824473e-09	2.3055164011292e-11	0	1.06750744419145	146993925858626
"ouwie_Afr_BM_43"	"OUMA"	25448.7174638533	-50887.4349277065	-50887.405385609	-50859.3387606254	5	1700000	65000	490	2.13003436122917	7.58199830304246e-09	1e-09	1e-09	2.14524192193759	750408472.573752	2.4987182691568e-102	1.32796561258921e-93
"ouwie_Afr_BM_44"	"OUMVA"	39568.2368207057	-79124.4736414114	-79124.4322621011	-79090.758240914	6	1000	61	28	0.0975562258689679	0.661923357285613	1.00009071359847e-09	1.09893327958444e-09	5.0466088995373e-10	56903.6188866548	-0.388934149806681	1760775484755206
"ouwie_Afr_BM_44"	"OUMA"	50763.8015800858	-101517.603160172	-101517.573618074	-101489.50699309	5	4.3e+09	1e+09	-8.1e+07	8.39045469472735e-05	0.826351811277604	1e-09	1e-09	-206986.39156337	2.81000882028675e+32	-0.692180955081112	1.66206001579425e+27
"ouwie_Afr_BM_45"	"OUMA"	16218.2694104448	-32426.5388208895	-32426.509278792	-32398.4426538084	5	720000	3500	980	8.57208800437265e-08	0.230034432608591	1e-09	1e-09	-34106970.7060275	484588.110116656	9.12499722156935	0.813405490674305
"ouwie_Afr_BM_46"	"OUMA"	16275.4649322302	-32540.9298644605	-32540.900322363	-32512.8336973794	5	2700000	6800	1300	6.40830913850251e-07	0.224658372528048	1e-09	1e-09	34513.6895005422	1768.69258965788	0.550333511388388	0.0630473911271509
"ouwie_Afr_BM_47"	"OUMA"	16317.5354999212	-32625.0709998424	-32625.041457745	-32596.9748327613	5	460000	5500	1300	2.85765134796208e-09	0.254567164918201	1e-09	1e-09	1.91740236597717e-12	0	0.572676185283132	918.7349210272
"ouwie_Afr_BM_48"	"OUMA"	25368.1138883888	-50726.2277767775	-50726.19823468	-50698.1316096964	5	1.3e+08	11000	-5.3e+08	3.31869555207208	0.800694401041953	1e-09	1e-09	0.517151406598906	5.29138396263982e+66	1.85467187706229e-25	4.35291806609762e+37
"ouwie_Afr_BM_49"	"OUMA"	25931.8114375397	-51853.6228750794	-51853.5933329819	-51825.5267079983	5	55000	3900	-210000	2.49723096991894	3.38957691699618e-09	1e-09	1e-09	1.58703942960624	2.58132482026901e+61	7.62702932602963e-61	1.05202310181234
"ouwie_Afr_BM_5"	"OUMA"	38255.7898685375	-76501.579737075	-76501.5501949775	-76473.4835699939	5	1.9e+07	460000	5900	0.000111202845577367	0.564502329550142	1e-09	1e-09	-1.10822385737463e-09	9830642.63835021	-0.583411355235733	3740954257917364
"ouwie_Afr_BM_5"	"OUMVA"	51157.9195872863	-102303.839174573	-102303.797795262	-102270.123774075	6	990	41	18	2.8171503965732e-05	0.534081725392791	1.02413506703053e-09	1.15955667982201e-08	-1.0446143479881e-07	0	0.505981345679645	189991066601456
"ouwie_Afr_BM_50"	"OUMA"	16918.6336991372	-33827.2673982744	-33827.2378561769	-33799.1712311932	5	5900000	450000	7200	0.0191662799773758	0.239945665856498	1e-09	1e-09	71061265.235419	604029.944947238	2.49655259962486	0.122702919063018
"ouwie_Afr_BM_51"	"OUMA"	607117.437002599	-1214224.8740052	-1214224.8444631	-1214196.77783812	5	1.7e+14	-1.6e+14	-9.8e+15	3.02579595012024	3.24062161366914	1.02835463100791e-09	1.02835463100791e-09	-3567889000.49818	914322.141436634	-338.919835807479	0.0438424058123922
"ouwie_Afr_BM_52"	"OUMA"	26366.4812676967	-52722.9625353934	-52722.9329932959	-52694.8663683122	5	1.6e+08	990	-5.4e+08	3.27556037719733	1.21040425715271	1e-09	1e-09	0.145016442074616	2.30953051839319e+47	1.43379708891726e-28	2.90942580712408e+20
"ouwie_Afr_BM_53"	"OUMA"	21150.4148315258	-42290.8296630516	-42290.8001209541	-42262.7334959705	5	4.1e+07	870000	-25000	4.97572144369496e-05	0.202395979535388	1e-09	1e-09	-8645726.56779514	0	2.5924502366704	0
"ouwie_Afr_BM_54"	"OUMA"	25908.6325297034	-51807.2650594068	-51807.2355173094	-51779.1688923257	5	6.1e+09	1.6e+07	21	3.29627267582845	1.46450711372352	1e-09	1e-09	1.21490446508195	1.22146960926902e+45	1.84042879669075e-28	0
"ouwie_Afr_BM_55"	"OUMA"	26124.9064794382	-52239.8129588764	-52239.7834167789	-52211.7167917953	5	5.7e+09	1e+07	1000	3.45210572003488	1.50260719632874	1e-09	1e-09	1.21490446508195	4.59483194193666e+38	1.23209064084007e-24	69489859701869.4
"ouwie_Afr_BM_56"	"OUMA"	25457.5397917873	-50905.0795835745	-50905.0500414771	-50876.9834164934	5	5.7e+09	9.2e+07	1200	3.42764504244316	1.1406265661492	1.00001027347553e-09	1.00001027347553e-09	0.84276950055766	2.57976798026117e+55	-3.96897001315402e-24	0
"ouwie_Afr_BM_57"	"OUMA"	49283.3207512309	-98556.6415024617	-98556.6119603642	-98528.5453353806	5	4.4e+09	1e+09	77000	0.000106938157209156	1.10433856110016	1.00001629493904e-09	1.00001629493904e-09	-1.56881240765145e-14	0	0.592102148905555	2.84908212203694e+42
"ouwie_Afr_BM_57"	"OUMVA"	54200.1866717315	-108388.373343463	-108388.331964153	-108354.657942966	6	1000	44	26	4.99043584652011e-05	0.521359234173441	1.00587460778534e-09	7.73098945009715e-09	68062.6299925226	1.22665766602891e+20	1.98457326959354	292919040890570
"ouwie_Afr_BM_58"	"OUMA"	34444.9200534338	-68879.8401068675	-68879.81056477	-68851.7439397864	5	1.1e+08	930000	-4100	0.00111782348508595	0.754160379301234	1.00601819163406e-09	1.00601819163406e-09	1.39973505026143e-07	4800311793889325	1.26365323243711	3.1902938943806e+23
"ouwie_Afr_BM_59"	"OUMA"	16588.2325648761	-33166.4651297522	-33166.4355876547	-33138.3689626711	5	5400000	25000	-15000	1.73633912693488e-09	0.208345502698947	1e-09	1e-09	1217457.93686121	80603.3882170173	-11.7461793347348	0
"ouwie_Afr_BM_6"	"OUMA"	26470.5889283097	-52931.1778566194	-52931.1483145219	-52903.0816895382	5	6.2e+09	2.5e+07	130	3.26329571858971	1.39662327363102	1e-09	1e-09	1.5405225590407	7.40609459288961e+44	-9.72203909523625e-30	0
"ouwie_Afr_BM_60"	"OUMA"	26506.4354433726	-53002.8708867452	-53002.8413446477	-52974.774719664	5	6.4e+09	6700000	160	3.20743577978566	1.6826987169025	1.0037149936123e-09	1.0037149936123e-09	1.819622743141	58235.2014624387	-2.41556577012789e-32	0
"ouwie_Afr_BM_61"	"OUMA"	26030.210922862	-52050.421845724	-52050.3923036265	-52022.3256786428	5	4600000	9600	-5.7e+07	1.08136418519084e-05	0.316730350462059	1e-09	1e-09	-1.51518629078315e-13	2.36212692444502e-07	2.0873709314512	3299410.53424249
"ouwie_Afr_BM_62"	"OUMA"	26200.8661914486	-52391.7323828972	-52391.7028407997	-52363.6362158161	5	6.1e+09	6.3e+08	1400	3.29588589907564	1.07568062190411	1.02287333025644e-09	1.02287333025644e-09	2.5638937114825	4.25347821329989e+53	-7.05522594912825e-25	1.97707918754924e+29
"ouwie_Afr_BM_63"	"OUMA"	25639.1914107602	-51268.3828215205	-51268.353279423	-51240.2866544393	5	5.8e+09	1e+07	380	3.3961155629095	1.56949567174256	1e-09	1e-09	1.95917439413053	7.62546932907589e+39	1.71084439170465e-16	0
"ouwie_Afr_BM_64"	"OUMA"	25948.5627698165	-51887.125539633	-51887.0959975355	-51859.0293725519	5	3100000	83000	2200	1.87445579702758	1.55871485979164e-09	1e-09	1e-09	-0.227118522449674	1.24098639556326e+43	-5.58077708863092e-59	3.85008482516881e-17
"ouwie_Afr_BM_65"	"OUMA"	25318.9334173132	-50627.8668346264	-50627.8372925289	-50599.7706675453	5	7.8e+07	1.2e+07	140000	0.0288484596553477	0.247662972169477	1e-09	1e-09	990637.601897579	1054.67535785639	-17.6482516091488	0.0855868225040252
"ouwie_Afr_BM_66"	"OUMA"	38962.3813250131	-77914.7626500262	-77914.7331079288	-77886.6664829451	5	1.9e+11	6.9e+08	-1.4e+08	7.67220131219003e-09	0.377765266405117	1.09717060364305e-09	1.09717060364305e-09	-19636925.8217851	776415608592.276	-0.750006809518666	2360519.46655566
"ouwie_Afr_BM_67"	"OUMA"	52163.7201206923	-104317.440241385	-104317.410699287	-104289.344074304	5	8.7e+08	6400000	-20000	4.8356294082327e-05	0.426539137305787	1e-09	1e-09	1.49104207641943e-05	0	1.55363823669258	4265195718.22049
"ouwie_Afr_BM_68"	"OUMVA"	19514.2000669681	-39016.4001339362	-39016.3587546259	-38982.6847334389	6	1000	52	26	1.30698476856628e-09	0.157720599283839	1.00066791146569e-09	0.111022549390106	-11496.0261313317	35832926.8177157	0.218478616871847	51.7795400110271
"ouwie_Afr_BM_68"	"OUMA"	24656.3819404301	-49302.7638808601	-49302.7343387626	-49274.667713779	5	5.1e+08	290	-5.7e+08	3.19131234883537	1.05528731635138	1e-09	1e-09	0.610185147729979	1.5626294734139e+59	-3.77904203661419e-19	0
"ouwie_Afr_BM_69"	"OUMA"	25888.6376345314	-51767.2752690629	-51767.2457269654	-51739.1791019817	5	4.7e+10	1e+07	260	3.23606578730148	0.989619027846078	1.00023985897129e-09	1.00023985897129e-09	0.703218888861051	1.22146094376076e+57	2.27702356186486e-25	4.01958784998746e+30
"ouwie_Afr_BM_7"	"OUMA"	26587.5955234765	-53165.191046953	-53165.1615048555	-53137.0948798719	5	6.1e+09	1.3e+07	1500	3.32235876630915	1.77710550306465	1e-09	1e-09	2.09872500582714	2.11977725094676e+34	-3.43999444251766e-30	0
"ouwie_Afr_BM_70"	"OUMA"	26369.6165146022	-52729.2330292043	-52729.2034871068	-52701.1368621232	5	6.2e+09	2.7e+08	150	3.28486316244831	1.13891292944032	1e-09	1e-09	1.5405225590407	2.24375707300066e+31	-7.33222563980447e-34	0
"ouwie_Afr_BM_71"	"OUMA"	25928.8951799317	-51847.7903598634	-51847.7608177659	-51819.6941927822	5	1.4e+07	780	-5.1e+08	3.41177608728132	1.51903286315146	1.00006129914726e-09	1.00006129914726e-09	0.424117665467834	4.62544608182217e+43	-4.46688460670289e-36	0
"ouwie_Afr_BM_72"	"OUMA"	18238.1562031914	-36466.3124063828	-36466.2828642853	-36438.2162393017	5	1.4e+07	280000	-16000	6.90778888968861e-06	0.209107610158001	1e-09	1e-09	-388649.583180148	21228.7976040435	-1.16325354069713	0
"ouwie_Afr_BM_73"	"OUMA"	19950.9816643325	-39891.9633286651	-39891.9337865676	-39863.8671615839	5	6.1e+16	1.1e+12	-1.7e+16	3.10424264968955	3.2844775214323	1e-09	1e-09	1.00798268971507e-11	0	-0.234458344248342	0.0538315361635644
"ouwie_Afr_BM_74"	"OUMA"	25807.1189671228	-51604.2379342456	-51604.2083921481	-51576.1417671644	5	6.2e+09	4100000	1300	3.28593587162594	1.55305955301018	1e-09	1e-09	2.70344432317911	1.27202742522252e+39	-8.71464350169665e-27	0
"ouwie_Afr_BM_75"	"OUMA"	25321.5955950528	-50633.1911901057	-50633.1616480082	-50605.0950230245	5	3.5e+10	6.1e+09	2900	3.31807120123715	0.990246531028042	1.00040189609768e-09	1.00040189609768e-09	2.79647806431018	1.75095690854348e+63	-2.51811697627563e-25	0
"ouwie_Afr_BM_76"	"OUMA"	25875.0732834734	-51740.1465669468	-51740.1170248493	-51712.0503998657	5	6.2e+09	6.8e+08	1600	3.26194790974563	1.08832553367764	1.00000587866705e-09	1.00000587866705e-09	-0.924871580932719	1.57123388415295e+55	7.64550745565591e-23	0
"ouwie_Afr_BM_77"	"OUMA"	25430.3966332688	-50850.7932665376	-50850.7637244401	-50822.6970994565	5	3.8e+08	690	-5.2e+08	3.36798672799473	0.876301985620537	1e-09	1e-09	0.0519827009435433	7.76693272330547e+69	-1.20387411801637e-27	0
"ouwie_Afr_BM_78"	"OUMA"	19805.1027966373	-39600.2055932745	-39600.176051177	-39572.1094261934	5	7e+14	-3.7e+14	-1.6e+16	3.04807454705806	3.23975595483861	1e-09	1e-09	-37708512.8956467	1527878.94562977	0.417889629928886	0.0774228820237257
"ouwie_Afr_BM_79"	"OUMA"	25645.8122516681	-51281.6245033361	-51281.5949612386	-51253.528336255	5	5.9e+09	6900000	1200	3.38129333680194	1.81441893349035	1e-09	1e-09	3.21512989940001	1.14387655390619e+40	-1.62124960693438e-59	0
"ouwie_Afr_BM_79"	"OUMVA"	25857.2867998412	-51702.5735996824	-51702.532220372	-51668.858199185	6	1000	43	26	3.37197221381359	1.28801546997631	1.00007444396902e-09	1.02476909451078e-09	3.21512989940001	7.9547085599151e+54	-1.29856695602402e-27	0
"ouwie_Afr_BM_8"	"OUMA"	25179.9092775608	-50349.8185551216	-50349.7890130241	-50321.7223880404	5	7.5e+07	240	-5.8e+08	3.16541842974095	1.17008751782025	1e-09	1e-09	2.42434309978589	2.35678621798262e+48	-3.84863251926766e-25	1.01195671308916e+24
"ouwie_Afr_BM_80"	"OUMA"	23275.6267721568	-46541.2535443136	-46541.2240022161	-46513.1573772324	5	5.5e+07	5e+05	19000	1.41886108918788e-08	0.220217199914445	1.00015958381229e-09	1.00015958381229e-09	140723927.497838	310487.226137272	98.1868070205406	0.0302263524288196
"ouwie_Afr_BM_81"	"OUMA"	25580.1129727978	-51150.2259455956	-51150.1964034981	-51122.1297785145	5	5.9e+09	8.2e+07	3100	3.37535719717778	1.22369149789772	1e-09	1e-09	1.91265752356499	6.10440673519609e+65	8.10041969636647e-22	1.79038531401817e+44
"ouwie_Afr_BM_82"	"OUMA"	25981.7693988445	-51953.5387976889	-51953.5092555914	-51925.4426306078	5	6e+09	7900000	-960	3.32277013911904	1.54524912639337	1e-09	1e-09	2.37782622922036	1.17558447941693e+39	-1.14272228903856e-18	1.2143789553489e+22
"ouwie_Afr_BM_83"	"OUMA"	25808.7257681004	-51607.4515362009	-51607.4219941034	-51579.3553691197	5	6e+09	520000	-100	3.34716323928359	1.54144547992495	1e-09	1e-09	1.86614065299946	1.09609888599757e+30	-2.14222440960924e-41	0
"ouwie_Afr_BM_84"	"OUMA"	16603.6199806189	-33197.2399612377	-33197.2104191403	-33169.1437941566	5	4600000	35000	-440	1.28872584911488e-08	0.24794704990972	1e-09	1e-09	19697587.1903172	0	0.0607548984701152	0.631408740305886
"ouwie_Afr_BM_85"	"OUMA"	17434.2950716877	-34858.5901433753	-34858.5606012778	-34830.4939762942	5	7e+06	17000	-2500000	0.0218519086985153	0.228180862779211	1e-09	1e-09	-3734242.58799075	0	1.86087108765771	0.0456353283769098
"ouwie_Afr_BM_86"	"OUMA"	25669.5985128953	-51329.1970257906	-51329.1674836931	-51301.1008587094	5	5.8e+09	2.3e+07	1600	3.41109055825006	1.29341340475185	1e-09	1e-09	-0.273635393015211	6.43360962427251e+46	-1.59469817881442e-27	1.03682787666119e+20
"ouwie_Afr_BM_87"	"OUMA"	26118.7031455547	-52227.4062911095	-52227.376749012	-52199.3101240283	5	5.7e+09	5200000	-69	3.42971283546276	1.59059536900175	1e-09	1e-09	2.28479248808928	3.27745128048647e+25	-8.3483290855942e-45	0
"ouwie_Afr_BM_88"	"OUMA"	25881.446661516	-51752.893323032	-51752.8637809346	-51724.7971559509	5	1e+08	1300	-5.1e+08	3.40743772062848	1.12254534763131	1e-09	1e-09	0.424117665467834	2.03767471828117e+54	-1.52712830356264e-25	0
"ouwie_Afr_BM_89"	"OUMA"	19775.6092883166	-39541.2185766331	-39541.1890345357	-39513.122409552	5	4.7e+15	-3.8e+15	-7.3e+16	2.99636730579876	3.20457903195382	1e-09	1e-09	-23418034.4885278	0	0.772457072404193	0.128138168697974
"ouwie_Afr_BM_9"	"OUMA"	27660.0871725264	-55310.1743450528	-55310.1448029553	-55282.0781779717	5	7.4e+10	97000	-5.9e+07	1.2671461815188e-09	0.342915593793985	1e-09	1e-09	-1.89699535550998e-08	0	-0.384703214523763	71995.2281155873
"ouwie_Afr_BM_90"	"OUMA"	26067.7889720096	-52125.5779440193	-52125.5484019218	-52097.4817769381	5	6.3e+09	3e+07	-86	3.24965283311123	1.37492969264318	1.00123522130833e-09	1.00123522130833e-09	2.09872500582714	5.41451181643382e+43	-1.20968773734793e-17	7.5764705695961e+26
"ouwie_Afr_BM_91"	"OUMA"	26059.39991383	-52108.7998276601	-52108.7702855626	-52080.7036605789	5	7.8e+07	1.2e+07	1900	3.08017847030296	1.23042305651307	1e-09	1e-09	3.30816364053108	9.83720378106964e+40	1.51687628713243e-26	206279342783061
"ouwie_Afr_BM_92"	"OUMA"	25490.9998220018	-50971.9996440037	-50971.9701019062	-50943.9034769225	5	5.7e+09	1400	-5.6e+08	3.21598963535836	1.02298239294855	1e-09	1e-09	1.4009719473441	7.60197705018561e+46	-5.46219431465804e-26	0
"ouwie_Afr_BM_93"	"OUMA"	25899.8166870603	-51789.6333741205	-51789.603832023	-51761.5372070394	5	7600000	1700	-5.6e+08	3.22817334316927	1.83174537293928	1.00009209310657e-09	1.00009209310657e-09	0.47063453603337	3.24410652584365e+30	2.74603484425357e-61	3.1025119179474e-13
"ouwie_Afr_BM_94"	"OUMA"	43815.5450452154	-87621.0900904308	-87621.0605483333	-87592.9939233497	5	6.3e+08	3.7e+08	41000	1.46249460558201e-05	0.64423570757433	1e-09	1e-09	-613909.880142102	0	-0.378606417971725	16487726056073889792
"ouwie_Afr_BM_95"	"OUMA"	25480.6979153972	-50951.3958307944	-50951.3662886969	-50923.2996637132	5	5.6e+09	5.8e+08	2300	3.46431830382374	0.932308272665576	1e-09	1e-09	-0.180601651884138	9.57087743461898e+66	-3.99817015636972e-28	2.08687251818923e+40
"ouwie_Afr_BM_96"	"OUMA"	25486.0187883484	-50962.0375766968	-50962.0080345993	-50933.9414096157	5	5.9e+09	2.7e+07	1700	3.37724909969309	1.266235674123	1.00119575020235e-09	1.00119575020235e-09	0.0984995715090796	3.52124204040662e+46	7.27065918716318e-24	0
"ouwie_Afr_BM_97"	"OUMA"	26068.7492527095	-52127.4985054189	-52127.4689633214	-52099.4023383378	5	2e+09	540000	620	3.08954345138906	0.934923978997145	1e-09	1e-09	0.0984995715090798	2.19383589385384e+47	-3.1572910291286e-37	0
"ouwie_Afr_BM_98"	"OUMA"	24712.7172300554	-49415.4344601108	-49415.4049180133	-49387.3382930297	5	3e+07	920000	-870	3.02789170126121	0.857650075577924	1e-09	1e-09	3.16861302883447	1.42311228258585e+51	-1.24032907964965e-25	0
"ouwie_Afr_BM_99"	"OUMA"	25938.9919346515	-51867.9838693029	-51867.9543272055	-51839.8877022218	5	5.9e+09	1.1e+08	600	3.36931437250204	1.15614764403577	1e-09	1e-09	0.703218888861051	1.02584551040234e+50	-4.83920464341853e-41	374804859843995456
