"id"	"model"	"loglik"	"AIC"	"AICc"	"BIC"	"param.count"	"eigval1"	"eigval2"	"eigval3"	"0_alpha"	"1_alpha"	"sigma0"	"1_sigma.sq"	"theta0"	"theta_se0"	"theta_1"	"theta_se_1"
1	"OUMVA"	16950.6996053765	-33889.399210753	-33889.3576471706	-33855.7103785647	6	1600	140	29	0.0679226360892559	0.18744015370525	1e-09	8.64703652647309e-06	0.171106305623817	4.9484692599247e-05	1.52717046548897	0.0812276440050818
1	"OUMA"	1406041.21984392	-2812072.43968784	-2812072.41001425	-2812044.36566102	5	4e+10	8.9e+09	-1.2e+07	0.285417360572591	0.463911389389	1e-09	1e-09	-186658814.664058	92964.9291596858	7.87336093541445	0.00465485462351142
10	"OUMA"	2638670.66845553	-5277331.33691107	-5277331.30723748	-5277303.26288424	5	1.9e+11	3.9e+10	-4100000	0.408111862001688	0.614747158221649	1e-09	1e-09	-458997094.052013	0	-19.9755651303318	0.0178412721256994
100	"OUMVA"	26008.9454016757	-52005.8908033515	-52005.8492397691	-51972.2019711632	6	1700	99	23	3.30004272909905	1.75083548481248	1.0003052284165e-09	8.1137586361886e-09	1.94591014905531	23201153434.7632	1.82780339637597e-72	2.17929625725461e-62
100	"OUMA"	26012.4163360926	-52014.8326721852	-52014.8029985947	-51986.7586453617	5	1.2e+07	240	-5.5e+08	3.2637298186797	1.78605342157826	1e-09	1e-09	1.94591014905531	4596044802.05063	3.5741022447795e-69	8.44167139582012e-60
101	"OUMVA"	25447.7914550186	-50883.5829100372	-50883.5413464548	-50849.8940778489	6	1700	67	8.8	3.29892950329916	1.58506884234397	1.00141276381043e-09	13.0171855241715	1.94591014905531	30275005.1213145	6.97211681759335e-80	1.08474110411272e-72
101	"OUMA"	25753.4965667205	-51496.993133441	-51496.9634598504	-51468.9191066174	5	5.9e+09	8700000	650	3.35845917689914	1.6594654423744	1e-09	1e-09	1.94591014905531	23410717.3433747	2.99364879628446e-79	3.60157768996544e-72
11	"OUMVA"	24765.8380613273	-49519.6761226547	-49519.6345590723	-49485.9872904664	6	1700	70	15	3.32532960197728	1.12624775221497	1e-09	4.02407610863013e-06	1.31994335362918	721322940175736064	1.02528589112336e-123	5.60298463924515e-106
11	"OUMA"	24970.2432757661	-49930.4865515321	-49930.4568779416	-49902.4125247086	5	5.9e+10	6e+09	1100	3.32348661103517	1.00715678568177	1e-09	1e-09	1.31994335362926	12387801839056218112	7.06248593524236e-127	6.62821446210923e-108
12	"OUMA"	19978.9440855338	-39947.8881710677	-39947.8584974772	-39919.8141442441	5	1.6e+16	2.1e+15	-2.9e+16	3.20061315104293	3.38393514032443	1e-09	1e-09	2.99822335692142e-10	1.01492023208665e-11	1.50660344011829	0.0510005944874996
12	"OUMVA"	25714.77405981	-51417.54811962	-51417.5065560377	-51383.8592874318	6	1500	230	29	3.33369719878457	1.55591881919021	1.00309883566767e-09	8.47311227561224e-08	0.780602267490838	13755.4471691704	3.37951190845301e-89	5.95523475273084e-85
13	"OUMVA"	25776.1408627046	-51540.2817254092	-51540.2401618268	-51506.5928932209	6	1700	150	27	3.31370722185559	2.13976941075657e-06	1.0221992914298e-09	2.40408457850375e-09	1.94591014905531	9671045013576134	2.66822467536677e-157	1.32652307988617e-141
13	"OUMA"	76252.2903239894	-152494.580647979	-152494.550974388	-152466.506621155	5	1e+09	1.9e+08	-810	0.143467091771008	0.355732911965064	1e-09	1e-09	-344113551.512426	0	-43.5080063930632	0.158532184292677
14	"OUMVA"	25384.984654207	-50757.9693084139	-50757.9277448315	-50724.2804762257	6	1500	210	28	3.3718420443149	1.30396626818736	1.000404924616e-09	2.18663253749624	1.94591014905531	45823952696.6646	9.81329048617447e-95	2.31091738359758e-84
14	"OUMA"	25642.8586175805	-51275.7172351611	-51275.6875615706	-51247.6432083375	5	5.9e+09	4600000	180	3.36897566048968	1.41570038576787	1e-09	1e-09	1.94591014905531	6239948368.3308	1.63537442430185e-89	5.24415373211674e-80
15	"OUMA"	216869.749390478	-433729.498780955	-433729.469107365	-433701.424754132	5	8.4e+11	3e+10	-1.2e+07	0.718708047581365	0.939371746199756	1e-09	1e-09	1014298498.79054	1927498.49368197	-0.245695251958254	0.044414750253973
16	"OUMVA"	17577.0656153008	-35142.1312306015	-35142.0896670191	-35108.4423984132	6	1500	210	32	0.242584520215566	0.269516270757722	1e-09	99.124306870613	0.426302856346862	1.69389446675275e-05	1.4146968944085	7.58456470704326
16	"OUMA"	1012413.01357576	-2024816.02715153	-2024815.99747794	-2024787.9531247	5	1.7e+10	3.2e+09	-2e+07	0.136805372548557	0.333282865518598	1e-09	1e-09	720436131.01431	0	-82800.3372541001	0
17	"OUMA"	50592.2423755858	-101174.484751172	-101174.455077581	-101146.410724348	5	9e+09	270	-7.7e+09	2.22830087483865e-05	0.619004222097006	1e-09	1e-09	13647.8637593354	4.76814977693049e+21	1.04905824733413	144446364035132416
17	"OUMVA"	51894.819528122	-103777.639056244	-103777.597492662	-103743.950224056	6	5.7e+09	980	36	1.28136878941691e-05	0.482936146850955	1.00348739787022e-09	1.00164854440711e-09	65002.2406584326	0	0.463854212963825	1061641202578.45
18	"OUMA"	242412.487264963	-484814.974529925	-484814.944856335	-484786.900503102	5	3.3e+10	5.1e+09	48000	0.484516604553057	0.702318389142723	1e-09	1e-09	486986662.369879	1431428.38328138	1.78734626863539	0.0386026127903248
19	"OUMVA"	17739.0419088269	-35466.0838176538	-35466.0422540714	-35432.3949854655	6	1700	61	4.7	0.244702940055537	0.35252694659038	1e-09	4.36702888698632e-06	0.118657934625808	1.28017657914306e-05	1.70178741150073	0.0545799963622728
19	"OUMA"	129095.643699138	-258181.287398276	-258181.257724686	-258153.213371453	5	2.6e+09	4.9e+08	-570000	0.195920773144231	0.399951127802996	1e-09	1e-09	455874805.54385	0	1.79125415479775	0.0423222882196856
2	"OUMA"	155681.798290124	-311353.596580248	-311353.566906658	-311325.522553425	5	2.6e+09	5.1e+08	330000	0.16586694251991	0.370341867213708	1.61713630572448e-09	1.61713630572448e-09	-139173101.800645	522793.549338365	0.566836382971623	0.0354429942221992
20	"OUMVA"	24590.9025239423	-49169.8050478845	-49169.7634843022	-49136.1162156963	6	5.6e+09	980	37	3.23400732608461	5.74008072445095e-09	1e-09	0.0634004878864541	1.94591014905531	4.00978241639945e+28	9.43291224960795e-153	1.94376527057426e-124
20	"OUMA"	25557.1003585609	-51104.2007171217	-51104.1710435312	-51076.1266902982	5	5.8e+09	3100000	820	3.42537959290432	2.05566989401815	1.00079227360446e-09	1.00079227360446e-09	1.94591014905531	1880485128.46952	3.90719962886612e-65	3.77583250676366e-56
21	"OUMVA"	25119.3879769481	-50226.7759538962	-50226.7343903138	-50193.0871217079	6	1700	94	23	3.24613081481473	1.82808071640281	1.00233200778152e-09	1.60973277483787e-09	2.01485557612902	3756553150652.23	6.92384161040063e-63	1.29090041610514e-50
21	"OUMA"	25240.0635884583	-50470.1271769166	-50470.0975033261	-50442.053150093	5	6.3e+09	990000	14	3.25162319965815	2.06804635550249	1e-09	1e-09	2.01489886711364	779988337.12585	9.13792505974196e-52	3.53738596435766e-43
22	"OUMA"	46927.2034058432	-93844.4068116865	-93844.377138096	-93816.3327848629	5	2.1e+09	2.5e+08	34000	0.000110192766815516	1.31986728847388	1.04101571070862e-09	1.04101571070862e-09	-401144.865321917	0	1.2750463084103	0
22	"OUMVA"	51761.7035235514	-103511.407047103	-103511.36548352	-103477.718214914	6	1600	170	33	5.12047713015227e-05	0.655155322065261	1e-09	5.70465160415452e-08	-582068.763169165	4.80665589962004e+25	1.15970053754454	20183260006599811072
23	"OUMVA"	16939.5925233887	-33867.1850467775	-33867.1434831951	-33833.4962145892	6	1600	180	30	0.090965211246518	0.130651414542158	1e-09	62.5845559030906	-0.171412302305916	5.19404979522912e-05	1.42636006819648	19.1326005937005
23	"OUMA"	25631.7272193257	-51253.4544386514	-51253.4247650609	-51225.3804118278	5	5.7e+09	4300000	1500	3.46334307913866	1.60297849367774	1.01218826203321e-09	1.01218826203321e-09	1.94591014905531	38276230806.4153	6.46535922431921e-82	1.27174207933788e-71
24	"OUMA"	91207.6398976312	-182405.279795262	-182405.250121672	-182377.205768439	5	5.8e+13	4.8e+11	-4.9e+11	2.27739155194973	2.49338408037136	1e-09	1e-09	-1673193785.91146	2293019.26672183	11.0955667384521	0.0510012366194429
25	"OUMV"	-1952.01570603038	3914.03141206075	3914.06108565126	3942.10543888431	5	1000	37	-26000	3.11913661456458	3.11913661456458	2.54234438028517	2.5823240460858	0.495024377882524	0.0146326663819069	1.00710531542147	0.0760456083087065
25	"OUMVA"	25206.7311315707	-50401.4622631413	-50401.420699559	-50367.7734309531	6	1000	37	-26000	3.36153021245903	1.03294354588574	1.00010531477079e-09	1.06018654761013e-05	1.94591014905531	10811222815030.1	1.69680400625435e-107	9.4272215980565e-95
25	"OUMA"	25276.3512384217	-50542.7024768433	-50542.6728032528	-50514.6284500198	5	5.9e+09	2.2e+09	2700	3.365897406104	1.03377515122204	1e-09	1e-09	1.94591014905531	11503252481919.8	1.16899303246879e-107	6.91050509635393e-95
26	"OUMVA"	25380.6227234346	-50749.2454468692	-50749.2038832868	-50715.556614681	6	1700	120	33	3.27870705430447	1.48166023164282	1.00002158089068e-09	1.29117078766281e-09	1.94591014905531	270910.845228522	2.70532258926642e-86	3.7663672684465e-81
26	"OUMA"	7161717.37578603	-14323424.7515721	-14323424.7218985	-14323396.6775452	5	2.1e+18	-8.7e+17	-2.2e+19	2.95182807085406	3.16287517440837	1e-09	1e-09	2667632890.26504	0	-2.31224711378628	0
27	"OUMA"	20024.0126236049	-40038.0252472097	-40037.9955736192	-40009.9512203862	5	2.6e+16	2.2e+15	-8.3e+16	3.25586350056292	3.43468458127498	1e-09	1e-09	-2.63377361255699e-14	3.37904144543808e-15	1.75856642095131	0.0288050298580926
27	"OUMVA"	25558.7664077575	-51105.5328155149	-51105.4912519325	-51071.8439833267	6	5.6e+09	980	36	3.43106086240277	1.69461459167486	1e-09	0.00140194457642613	1.94591014905531	196297.541150818	1.88373685524273e-84	1.90025686971623e-79
28	"OUMVA"	25482.4553380383	-50952.9106760767	-50952.8691124943	-50919.2218438884	6	1400	270	23	3.34349066032157	1.37769074547906	1.0006142325501e-09	1.03695087439779e-09	1.94591014905531	5344133611.53302	5.64414948138794e-92	1.55007614131851e-82
28	"OUMA"	25488.638032786	-50967.276065572	-50967.2463919815	-50939.2020387484	5	6e+09	1.3e+07	1200	3.3228281908341	1.37377851124275	1e-09	1e-09	1.94591014905531	4021073297.24887	3.35548564445011e-91	6.93385238303554e-82
29	"OUMA"	20201.9466168977	-40393.8932337955	-40393.8635602049	-40365.8192069719	5	470000	-220	-3.1e+07	1.54476333643937e-07	0.269907269494113	1.00302204536026e-09	1.00302204536026e-09	-3.4691413560058e-11	0	0.976401135515291	51.2820515814208
29	"OUMVA"	23743.20360043	-47474.4072008599	-47474.3656372775	-47440.7183686717	6	1700	80	35	0.889615168840481	1.67200546967285e-07	1e-09	23.3272791464183	1.31928641822929	299368998808392	7.58130788582081e-46	1.72033041504555e-31
3	"OUMVA"	25099.904974534	-50187.8099490681	-50187.7683854857	-50154.1211168798	6	5.6e+09	980	37	3.43461084941374	1.16054268914035	1e-09	0.00057858681651197	1.94591014905531	209385830.793907	4.95919630389923e-104	5.33624555412346e-96
3	"OUMA"	36765.1093826082	-73520.2187652164	-73520.1890916259	-73492.1447383928	5	1.5e+08	1.1e+07	110000	0.0165230379749073	0.220549267060494	1e-09	1e-09	269572273.586655	593702.373370159	132.31296164394	0.0121630935967401
30	"OUMVA"	19269.2695502059	-38526.5391004119	-38526.4975368295	-38492.8502682236	6	5.8e+09	980	37	1.37612484091758	1.44417271902256	1e-09	0.00424191462825758	2.16837646075173	0.0228163305317981	1.19864522498389	0.0733195458376204
30	"OUMA"	5608984.87034269	-11217959.7406854	-11217959.7110118	-11217931.6666585	5	3.5e+10	6.2e+09	-2.2e+10	0.208807250323254	0.405127804589097	1e-09	1e-09	-145423560.670961	63597.4914059894	-2.65579459974185	0.0230007215591038
31	"OUMVA"	23655.7834175128	-47299.5668350255	-47299.5252714431	-47265.8780028373	6	1700	130	26	3.16995080869912	0.563848997733229	1.00004262625668e-09	0.142871186910871	1.31871448681214	7.43988161798385e+47	7.12939430379142e-124	4.02223909410141e-76
31	"OUMA"	5270785.14667861	-10541560.2933572	-10541560.2636836	-10541532.2193304	5	8.2e+10	1.6e+10	-1e+08	0.135390569165753	0.33311546844728	1e-09	1e-09	-25465433.1743203	8185.29933339887	2.16125431788692	0.00402566766053955
32	"OUMVA"	18247.3071285084	-36482.6142570169	-36482.5726934345	-36448.9254248286	6	5.6e+09	980	36	0.443357196941894	0.533432456312747	1e-09	0.000106200774329827	1.02008999268993	2.62840948298235e-05	1.46539366262815	0.0863073719924587
32	"OUMA"	127142.955782372	-254275.911564744	-254275.881891154	-254247.837537921	5	2.4e+10	1.2e+09	2700000	0.536433127136847	0.751514684746084	1.67297830086602e-09	1.67297830086602e-09	492481082.983857	1026736.30915541	1.50119137760959	0.0483077593419191
33	"OUMVA"	24840.4431703403	-49668.8863406806	-49668.8447770982	-49635.1975084923	6	1600	180	28	3.32386852006694	0.956218318141855	1.00198073637596e-09	0.0585381631814484	1.0116009134499	97062822.7073701	5.24884185884389e-111	5.03624897911533e-103
33	"OUMA"	2029250.79314893	-4058491.58629787	-4058491.55662428	-4058463.51227105	5	7.6e+10	1.6e+10	-2.2e+07	0.296416355502888	0.493214931529215	1e-09	1e-09	-119851888.440792	95046.8577649247	1.27316729689178	0.0082878083568647
34	"OUMA"	37916.5223370774	-75823.0446741547	-75823.0150005642	-75794.9706473312	5	4500000	3200000	5100	0.0113366027117985	0.531992848040556	1e-09	1e-09	155254.106446357	1.10025289222001e+20	1.0895097906332	0
34	"OUMVA"	41072.9266906632	-82133.8533813263	-82133.811817744	-82100.1645491381	6	1700	80	18	0.0133587189249408	0.486710450861327	1.04668385548804e-09	1.7835628515207e-09	-22422.6935208855	10509378417131884544	1.0568067121915	3813942227600.75
35	"OUMVA"	19609.2469238295	-39206.493847659	-39206.4522840766	-39172.8050154708	6	1500	210	31	1.50399396556182e-09	0.17705674636925	1e-09	0.103838518358639	22161.6202880597	108854849.838304	1.16652725201998	110.718122136041
35	"OUMA"	24050.4591975728	-48090.9183951457	-48090.8887215552	-48062.8443683221	5	6.1e+09	9500000	92	3.30965536161944	1.56615149954527	1e-09	1e-09	1.94010785699366	60171517561.1448	6.31683442705826e-81	1.95913599488001e-70
36	"OUMVA"	24610.3126572727	-49208.6253145455	-49208.5837509631	-49174.9364823572	6	1600	180	28	1.89394170704823	9.74738310196936e-08	1e-09	4.42068983413301e-07	1.94591096491917	13337242329.3536	3.45822108203306e-97	2.37025841257649e-87
36	"OUMA"	26001.86240153	-51993.7248030601	-51993.6951294696	-51965.6507762365	5	6.5e+09	1.3e+07	340	3.19112792199951	1.69815473054265	1e-09	1e-09	0.916289951035446	133.386925369445	1.05355447955114e-55	1.53368911753304e-53
37	"OU1"	-1989.85894900686	3985.71789801372	3985.72975572123	4002.56231410785	3	3.8e+10	-3.3e+10	0	3.41438269880111	0	2.88127074520048	0	0.51645067721815	0.0146183831605386	0	0
37	"OUMA"	25497.3189399336	-50984.6378798673	-50984.6082062768	-50956.5638530437	5	5.8e+09	4e+06	280	3.41061115735413	1.72043955508586	1.0000283524209e-09	1.0000283524209e-09	1.94591014905531	34252682903.528	1.62759616516231e-78	2.86495937992654e-68
37	"OUMVA"	25532.4008755739	-51052.8017511478	-51052.7601875654	-51019.1129189596	6	1900	63	7.7	3.40896211834319	1.77791098149198	1.00149609661378e-09	1.26608854764193e-09	1.94591014905531	9877256093.74164	6.61824380318546e-76	3.35935803441988e-66
38	"OUMA"	51207.7534034938	-102405.506806988	-102405.477133397	-102377.432780164	5	3e+10	1.8e+09	12000	4.2401975483809e-05	1.01084018223871	1.00635748926945e-09	1.00635748926945e-09	8.23743834726867e-09	0	0.693148448854272	6.88375835612738e+34
39	"OUMVA"	25008.8278257665	-50005.6556515331	-50005.6140879507	-49971.9668193448	6	1600	180	30	3.24263117794761	1.23173381932477	1e-09	0.0781720925050307	0.262365352311967	241665706.395908	2.80242113974782e-98	2.58132058363033e-89
39	"OUMA"	25269.9146950732	-50529.8293901464	-50529.7997165559	-50501.7553633229	5	6.4e+09	1e+07	240	3.21726099493385	1.3557980338429	1e-09	1e-09	0.26236740161129	24967267.1049453	2.2872240754094e-91	2.17655600767864e-83
4	"OUMA"	4292912.45350123	-8585814.90700245	-8585814.87732886	-8585786.83297563	5	2.2e+15	1e+12	-3.6e+08	0.811442234739361	0.993780129012683	1e-09	1e-09	223020238.543647	26309.9336122724	1.82931035163629	0.00143474694258445
40	"OUM"	-1950.56223002131	3909.12446004262	3909.14423265755	3931.58368150147	4	1000	-30000	0	2.90858691753695	2.90858691753695	2.3673147167568	2.3673147167568	0.497400138888602	0.0146714965118229	1.04406317452909	0.0775303394725103
40	"OUMVA"	25502.7411679536	-50993.4823359073	-50993.4407723249	-50959.793503719	6	1900	53	2.6	3.21319953953144	1.50889563524241	1.0019883264516e-09	1.44427884471094e-09	1.94591014905531	33483847923.0506	9.82500754031259e-83	1.69061792746373e-72
40	"OUMA"	25591.7058506829	-51173.4117013659	-51173.3820277754	-51145.3376745423	5	6.5e+09	1e+07	450	3.1870260774261	1.63374658594774	1e-09	1e-09	1.94591014905531	1441815472.40369	1.54758155250505e-75	1.14667526056717e-66
41	"OUMVA"	15503.483392936	-30994.966785872	-30994.9252222896	-30961.2779536837	6	1600	180	30	0.836998062610172	7.12912419055293e-08	2.87956920060958e-07	38.1026333581595	0.75149320875942	840042295.381595	2.02404656766312e-42	2.26254170342515e-33
41	"OUMA"	27639.5965646186	-55269.1931292372	-55269.1634556467	-55241.1191024136	5	7.4e+11	2.8e+08	-5e+08	3.35702254602403e-05	0.723433291836992	1e-09	1e-09	23358.9872734675	3.80655438715464e+25	0.884231069071292	4.03099813897239e+20
42	"OUMA"	24879.7347646539	-49749.4695293079	-49749.4398557174	-49721.3955024843	5	2.1e+08	2.7e+07	-25000	0.161309505136343	0.404422081249107	1e-09	1e-09	-163273481.851234	2912323.78201914	1.79517503855816	0.331042242319918
42	"OUMVA"	25442.1592903514	-50872.3185807028	-50872.2770171204	-50838.6297485145	6	1500	230	28	3.44508348699001	1.44877518906502	1.02254248032011e-09	0.0586927297477246	1.94553485998681	7003838861224094	5.63544719966322e-92	2.02873589721468e-76
43	"OU1"	-2005.19712433921	4016.39424867841	4016.40610638592	4033.23866477255	3	9.3e+10	-8.2e+09	0	3.43225854621249	0	2.94601655402143	0	0.516582965867533	0.0147610206974599	0	0
43	"OUMVA"	25436.9265788481	-50861.8531576962	-50861.8115941138	-50828.1643255079	6	5.6e+09	980	37	3.42701889115237	1.84626168352428	1.00008831253765e-09	50.4844974847439	1.94591014905531	427503.667306999	1.70344887241791e-74	3.74236518773576e-69
43	"OUMA"	25480.9230571295	-50951.8461142591	-50951.8164406685	-50923.7720874355	5	5.8e+09	9100000	1600	3.42037739090804	1.73268834004185	1e-09	1e-09	1.94591014905531	2212748.16674405	4.15476508625961e-79	4.72449811330513e-73
44	"OUMA"	33447.9248558111	-66885.8497116221	-66885.8200380316	-66857.7756847986	5	4.7e+07	690000	20000	0.00031483454017065	0.546243036220977	1e-09	1e-09	1944021.86169886	3.59998309931424e+21	-4.23830541575319	0
44	"OUMVA"	36032.9219600284	-72053.8439200567	-72053.8023564743	-72020.1550878685	6	1700	130	36	0.0762248795898646	0.701073995647369	1e-09	8.7850050150142e-09	-59350749.6265654	1.40103215969993e+26	1.20938118900313	5821476594060521472
45	"OUMVA"	26299.5132464015	-52587.0264928031	-52586.9849292207	-52553.3376606148	6	1700	67	13	3.2584444589622	1.76424233046441e-06	1e-09	1.08233055163612e-07	1.94591014905531	1.4775158022077e+25	2.05492714079086e-155	1.5602916323644e-130
45	"OUMA"	735332.695956283	-1470655.39191257	-1470655.36223898	-1470627.31788574	5	1.4e+10	2.4e+09	2500000	0.150784533187115	0.373908154809426	1e-09	1e-09	-520131171.222369	370326.120428818	15.2991978324204	0.0921094342601827
46	"OUMV"	-1954.90615088068	3919.81230176136	3919.84197535187	3947.88632858492	5	5.5e+09	5.6e+07	-5.6e+07	3.45906406435951	3.45906406435951	2.82200651879949	2.76116131348768	0.500196534380094	0.0146393782790835	0.999906143672514	0.0750819568278341
46	"OUMA"	19554.8290023886	-39099.6580047771	-39099.6283311866	-39071.5839779536	5	7.9e+10	1200	-340000	1.13451337306405e-09	0.354380237299261	1.0251923990853e-09	1.0251923990853e-09	3.92021388412017e-11	0.000863988715993882	1.46903026541287	14314617.6652668
46	"OUMVA"	23980.695405277	-47949.390810554	-47949.3492469716	-47915.7019783657	6	5.5e+09	5.6e+07	-5.6e+07	3.44570810573625	1.49873562870504	1e-09	0.000389373463798193	1.3690222168242	34717730569079.1	5.28865733644557e-115	1.34117750831966e-101
47	"OUMVA"	25019.4689585127	-50026.9379170254	-50026.896353443	-49993.2490848371	6	1500	210	27	3.42701860585709	1.28378381067349	1e-09	9.12906250742268e-08	1.94591014905531	297324928283.45	2.36148662689639e-97	3.60822848025722e-86
47	"OUMA"	5623057.96677496	-11246105.9335499	-11246105.9038763	-11246077.8595231	5	3.2e+11	5.5e+10	-1.3e+08	0.351120655249537	0.546068203014458	1e-09	1e-09	434911256.074841	112384.683245483	0.731552743380797	0.00585989898408847
48	"OUMVA"	25941.9115744861	-51871.8231489722	-51871.7815853898	-51838.1343167839	6	5.7e+09	980	37	3.37003424853277	4.30348703147682e-08	1e-09	0.0866629677655096	1.94591014905531	86928784563.4625	1.9102781523518e-159	8.53370121136914e-149
48	"OUMA"	48025.6572206488	-96041.3144412976	-96041.2847677071	-96013.240414474	5	5.4e+08	6.1e+07	-410000	0.126244307083659	0.318518995016641	1e-09	1e-09	199543100.927914	333373.274912955	1.70781554943595	0.00927540294642985
49	"OU1"	-1991.87252176194	3989.74504352389	3989.7569012314	4006.58945961802	3	5.1e+09	-270000	0	3.65101165001333	0	3.11201392731569	0	0.51725020267025	0.0147270161915234	0	0
49	"OUMV"	-1968.3611352545	3946.722270509	3946.7519440995	3974.79629733255	5	6.2e+09	36	-1.1e+09	3.65101130750422	3.65101130750422	3.04750981073507	2.86155681197131	0.497596254396066	0.0148501317217742	1.04012222791001	0.0750024992605483
49	"OUMVA"	25077.0803811322	-50142.1607622645	-50142.1191986821	-50108.4719300762	6	6.2e+09	36	-1.1e+09	3.32552653342365	4.79917389003236e-07	1e-09	25.0323917464189	1.94591014905531	7.73306244116707e+20	4.65222814558204e-145	1.84879917326724e-124
49	"OUMA"	25654.5455846143	-51299.0911692286	-51299.0614956381	-51271.017142405	5	5.3e+09	1.7e+07	530	3.62529115662868	1.37493984191175	1e-09	1e-09	1.94591014905531	2841166681847.34	1.13491285692567e-94	1.65705317764173e-82
5	"OUMA"	31258.4585275772	-62506.9170551544	-62506.8873815639	-62478.8430283308	5	2.8e+07	1600000	8900	0.00462730953270125	0.579370697102444	1e-09	1e-09	1728790.36934394	4.42380325021073e+22	0.284719865891189	16267282215843176
5	"OUMVA"	32479.4849261564	-64946.9698523129	-64946.9282887305	-64913.2810201246	6	1500	220	28	0.0919511114041998	0.836913248619299	1.00902963922454e-09	1e-09	1774.75448083619	5.7405316709144e+27	1.82063466837791	1.56136042765402e+23
50	"OUMA"	49802.3384202535	-99594.6768405069	-99594.6471669164	-99566.6028136834	5	6.5e+08	2.3e+07	-6.1e+08	7.46121099993416e-05	0.50573417912828	1e-09	1e-09	4.62776258317184e-11	0	0.303679254774148	67129078686318.6
51	"OUMA"	25355.4320655067	-50700.8641310133	-50700.8344574228	-50672.7901041898	5	5.8e+09	1.2e+07	1200	3.40903984317507	1.50798897059652	1.00472620888456e-09	1.00472620888456e-09	1.94591014905531	3990876574400.4	7.0766437145019e-87	1.45135229595746e-74
51	"OUMVA"	25441.2358248184	-50870.4716496369	-50870.4300860545	-50836.7828174486	6	1500	220	28	3.43642385170295	1.43537867000372	1.00077434478398e-09	1.04284461489481e-09	1.94591014905531	33101980257937.9	2.71663427791727e-91	4.6212809095688e-78
52	"OUMVA"	24011.345093747	-48010.690187494	-48010.6486239116	-47977.0013553057	6	1700	140	26	3.27452271351204	0.610646793756417	1.00341204874137e-09	18.985452502031	1.94591014905531	205135185418.866	1.84883338448791e-123	1.94901485723603e-112
52	"OUMA"	146880.826858175	-293751.65371635	-293751.624042759	-293723.579689526	5	1.9e+09	2.8e+08	730000	0.135792339426315	0.332833534257648	1e-09	1e-09	-239979424.790446	608293.985468643	1.80641729893075	0.0365774687647236
53	"OUMVA"	25424.8806828679	-50837.7613657358	-50837.7198021534	-50804.0725335476	6	1700	63	7	3.36023339328709	1.30980916334819	1.00118854030275e-09	1.29461135023923e-05	1.94591014905531	512186283495870	4.02609454472743e-95	1.05971511730284e-80
53	"OUMA"	25601.5885131747	-51193.1770263495	-51193.147352759	-51165.1029995259	5	6e+09	8800000	-170	3.35470264346175	1.4601611483012	1e-09	1e-09	1.94591014905531	16508245478791.8	4.69637431638287e-88	3.98419732343653e-75
54	"OUMA"	25790.0899219074	-51570.1798438148	-51570.1501702243	-51542.1058169912	5	6.2e+09	1.1e+07	370	3.25941080387271	1.4411705073631	1e-09	1e-09	1.94591014905531	1053289079003.25	2.11745479370973e-85	1.14614336668129e-73
54	"OUMVA"	25815.7546251528	-51619.5092503056	-51619.4676867232	-51585.8204181173	6	1600	160	27	3.29857079775115	1.39198149115237	1.00055949044875e-09	1.21821410626174e-09	1.94591014905531	6973872108109.21	1.64467623454846e-89	5.89429153476374e-77
55	"OUMA"	25298.1115999177	-50586.2231998354	-50586.1935262449	-50558.1491730119	5	3.2e+08	8400000	450	3.32780315130902	1.10615034110195	1e-09	1e-09	1.94591014905531	679619689091.457	5.14987878586191e-102	1.79862313838349e-90
55	"OUMVA"	25524.8822765263	-51037.7645530526	-51037.7229894702	-51004.0757208643	6	1700	97	21	3.19618180241198	1.46367345178581e-09	1.01551849019439e-09	0.128989475933347	1.94591014905531	15455193979673495552	3.6276077776932e-150	2.88119068157586e-131
56	"OUMA"	25782.6971839245	-51555.394367849	-51555.3646942585	-51527.3203410255	5	5.8e+09	1.1e+07	330	3.42526464851495	1.40985767617209	1e-09	1e-09	1.94591014905531	464890323130.047	1.53651703176753e-91	3.67083701033167e-80
57	"OU1"	-1977.69263771226	3961.38527542452	3961.39713313203	3978.22969151865	3	6.5e+09	-7.9e+09	0	3.34693408362208	0	2.79486656724397	0	0.515346560599429	0.0145257209780312	0	0
57	"OUMA"	24963.1019482866	-49916.2038965733	-49916.1742229828	-49888.1298697497	5	6.1e+09	7.5e+07	1200	3.31497463427032	1.16463738387472	1e-09	1e-09	1.94591014905531	850193.378664095	3.11718198829238e-100	1.36193723426735e-94
58	"OUMVA"	25166.0146425302	-50320.0292850604	-50319.9877214781	-50286.3404528722	6	1600	180	28	3.37367955932431	1.23446957181379	1.01090534784955e-09	1.00677624275757e-09	1.94591014905531	24187995.347179	1.13096500464924e-99	1.40580880795337e-92
58	"OUMA"	66785.0304160393	-133560.060832079	-133560.031158488	-133531.986805255	5	9.7e+08	2e+08	230000	0.170258372901823	0.37657960284937	1.91289243030802e-09	1.91289243030802e-09	-169323121.829004	1435847.96288987	1.72030928469342	0.0339404311997148
59	"OUMVA"	25500.2186194311	-50988.4372388622	-50988.3956752798	-50954.748406674	6	1600	160	29	3.29513332080292	1.29000356125894	1.00883668698915e-09	13.9379146821928	1.94591014905531	1977710464.41612	1.42740287854675e-93	1.45072968102361e-84
59	"OUMA"	26052.6852424966	-52095.3704849932	-52095.3408114027	-52067.2964581696	5	3e+08	4.4e+07	62000	0.258232871135067	0.475849660385048	1e-09	1e-09	1319516950.31504	4334388.78476587	3.0673987377029	0.160962496720084
6	"OUMA"	25482.5750290228	-50955.1500580456	-50955.1203844551	-50927.0760312221	5	6.1e+09	4.9e+07	-45	3.29889430854235	1.35042422109336	1e-09	1e-09	1.94591014905531	2257710827814.23	9.19770125519872e-93	1.0671484356533e-80
6	"OUMVA"	25552.5551157554	-51093.1102315108	-51093.0686679284	-51059.4213993225	6	5.9e+09	980	36	3.27644802785492	1.46399249021985	1.00016934747859e-09	1.4569075175048e-09	1.94591014905531	141287628451.215	1.55815547342382e-86	1.13133739348247e-75
60	"OUMVA"	24861.7343577803	-49711.4687155607	-49711.4271519783	-49677.7798833724	6	1500	220	30	3.21405345032162	1.56355120814301	1.00003092278614e-09	5.08571335772482e-09	1.36908520894851	22.4826806785323	3.05689952536291e-91	0
60	"OUMA"	492797.634520174	-985585.269040348	-985585.239366757	-985557.195013524	5	8.1e+09	2.1e+09	3400000	0.176413765121853	0.360517975115785	1.10481946379715e-09	1.10481946379715e-09	-110572895.58148	0	1.81966350187918	0.0111845034118114
61	"OUMA"	104832.868492865	-209655.73698573	-209655.70731214	-209627.662958907	5	2.9e+09	6.2e+08	-650000	0.27956423827477	0.467252484517553	1e-09	1e-09	-91119346.2583275	215941.788873198	1.77428008081712	0.0137326196922849
62	"OUMA"	2253952.12733997	-4507894.25467994	-4507894.22500635	-4507866.18065311	5	3.9e+10	7.2e+09	2.2e+07	0.149151392871042	0.35723374974386	1e-09	1e-09	-3858316541.01696	0	0.739731177975512	0.0421039529677517
62	"OUMVA"	14601663393437.7	-29203326786863.4	-29203326786863.4	-29203326786829.7	6	1500	230	32	2.86019293124129	1.67346559774618	1e-09	0.00270345066133884	2.20928573560373	0	-34515755.9787792	8.24601277986982
63	"OUMVA"	25164.5227525248	-50317.0455050497	-50317.0039414673	-50283.3566728614	6	1500	210	27	2.85377398547945	5.72424179217038e-09	1e-09	1.26932931559189	1.94591014905531	35047205404.9747	5.20927388321935e-136	9.38226731025482e-126
63	"OUMA"	25650.7224768297	-51291.4449536594	-51291.4152800689	-51263.3709268359	5	5.8e+09	5400000	1200	3.40607246516603	1.64422681436711	1.00169367024998e-09	1.00169367024998e-09	1.94591014905531	40310.2446407073	6.3931565530798e-81	1.32436590047882e-76
64	"OUMVA"	16700.4915400828	-33388.9830801657	-33388.9415165833	-33355.2942479774	6	1600	200	30	0.0552693677264966	0.11604706721336	1e-09	1.09214560124523	0.336759644120208	4.15437953320723e-05	1.36345887782136	5.18970262493321
64	"OUMA"	25317.4693437429	-50624.9386874858	-50624.9090138953	-50596.8646606623	5	6e+09	5.1e+07	730	3.35144006916529	1.19641527001974	1.00211629969366e-09	1.00211629969366e-09	1.94591014905531	3970038582183339520	6.22450936793142e-100	1.26992206489319e-81
65	"OUMVA"	16672.3151330095	-33332.6302660191	-33332.5887024367	-33298.9414338308	6	1600	200	33	0.0380034252028907	0.18475560075635	1e-09	2.45475695528628e-07	0.346641392544339	6.29396978035547e-05	1.82436325749783	0.0267867749321664
65	"OUMA"	403606.459720788	-807202.919441577	-807202.889767986	-807174.845414753	5	7.8e+09	-2.4e+07	-5.1e+08	0.26629352182507	0.446706401926683	1e-09	1e-09	-33571526.2910118	94034.2083395562	-33.6898214146018	0.00334420482954295
66	"OUMA"	25587.5794585205	-51165.158917041	-51165.1292434505	-51137.0848902174	5	3.8e+07	2600000	1100	2.89055941210211	1.26232768047451	1.00118369865545e-09	1.00118369865545e-09	0.810930216216329	541294755184340	1.178837907575e-77	7.86872611012197e-63
67	"OUMV"	-1969.64931112302	3949.29862224604	3949.32829583655	3977.3726490696	5	4.1e+10	-7.5e+09	-3.5e+10	3.37630786263537	3.37630786263537	2.79489674563892	2.71284931608184	0.496916038498609	0.0147297879648491	0.995184750848092	0.0741666073309458
67	"OUMA"	16380.9125204558	-32751.8250409117	-32751.7953673212	-32723.7510140881	5	320000	11000	-14000	3.20380578958728e-06	0.204887897743541	1e-09	1e-09	-293722.08719733	79086.6402382684	-0.902861906598357	0.0342854356155031
67	"OUMVA"	24427.7085430729	-48843.4170861457	-48843.3755225633	-48809.7282539574	6	4.1e+10	-7.5e+09	-3.5e+10	3.36717382243105	1.43424560383328	1e-09	9.1599980827465e-07	1.36674529592033	195514653913.04	1.33411079174301e-113	1.90846246559527e-102
68	"OUMA"	25136.9780678942	-50263.9561357884	-50263.9264621979	-50235.8821089649	5	4.6e+10	6.3e+09	2900	3.23643891561755	0.990824556745681	1.00024934463711e-09	1.00024934463711e-09	1.94591014905531	8865240235470.86	2.03476019961969e-106	9.27002616228732e-94
68	"OUMVA"	70651.3284107955	-141290.656821591	-141290.615258009	-141256.967989403	6	1500	200	28	0.0320368713735018	0.240199688330621	1e-09	1.09822470611218e-09	-87550075.4207266	119727.437260117	5.4279207109145	0
69	"OUMVA"	16953.3042835463	-33894.6085670925	-33894.5670035101	-33860.9197349043	6	1900	49	2.5	0.110584458578444	0.138188735969623	1e-09	99.7295923989117	0.120399472861224	3.24340736545045e-05	1.41108705638286	12.82186756699
69	"OUMA"	3319292.52979936	-6638575.05959873	-6638575.02992514	-6638546.9855719	5	6.6e+12	3e+11	-2.3e+07	0.708375412249359	0.907229126720665	1e-09	1e-09	817517248.448311	294378.3995749	1.8202650925065	0.00945120699806389
7	"OUMA"	46234.3193382922	-92458.6386765844	-92458.6090029939	-92430.5646497609	5	2.3e+08	940000	1900	1.19702278511131e-09	0.22622757783516	1e-09	1e-09	-1056417219.08396	3429917.69610956	-52.567374333546	0.101941919123857
70	"OUMA"	111309.616417452	-222609.232834903	-222609.203161313	-222581.15880808	5	8.2e+08	9.8e+07	-240000	0.0318308455145777	0.243855289383687	1e-09	1e-09	661019591.099624	0	-1.49707482114195	0
70	"OUMVA"	1214847.98765358	-2429683.97530716	-2429683.93374358	-2429650.28647497	6	5.9e+09	980	37	0.177047880578484	0.369902800967572	1.09352153774364e-09	4.91118063541196e-09	-220682727.606373	300062.110169074	9417.01043701292	0.0894894458537653
71	"OUMVA"	25260.4413770654	-50508.8827541309	-50508.8411905485	-50475.1939219426	6	1500	210	32	3.42198022242384	1.25961076860813	1e-09	9.39903638961765e-07	1.94591014905531	1206801337863.01	1.55228411478092e-96	9.62685017790025e-85
71	"OUMA"	32950.0692809893	-65890.1385619786	-65890.1088883881	-65862.064535155	5	3.8e+10	6.8e+09	-190000	0.860167294754387	1.096183507553	1e-09	1e-09	-4530431041.03635	6081688.44870445	1.82566204409982	0.279053913239651
72	"OUMVA"	17110.8027487032	-34209.6054974063	-34209.563933824	-34175.9166652181	6	1800	58	8.1	0.0930271066579816	0.234668857074394	1e-09	3.35586432046408e-08	0.147504141703234	3.6852098545274e-05	1.56697929013178	0.0736521133401563
72	"OUMA"	25752.0795071535	-51494.159014307	-51494.1293407165	-51466.0849874834	5	6e+09	5800000	800	3.33852154764708	1.50524725186688	1e-09	1e-09	1.94591014905531	53841503.5138642	7.17431300096051e-87	1.98506492624186e-79
73	"OUMVA"	24933.9462638442	-49855.8925276884	-49855.850964106	-49822.2036955001	6	1600	150	32	3.25832908077151	1.03917571128525	1.01312146881711e-09	2.26364119328799e-06	1.94591014905531	6810886748.92223	3.70254791665446e-107	1.29593005900267e-97
73	"OUMA"	25101.3922501044	-50192.7845002087	-50192.7548266182	-50164.7104733852	5	2.1e+08	2000	-5.7e+08	3.19641589944538	1.13583774107418	1.00058898878335e-09	1.00058898878335e-09	1.94591014905531	604741095.266138	5.87971704200042e-100	1.82727168855176e-91
74	"OUMA"	36128.5604701684	-72247.1209403368	-72247.0912667463	-72219.0469135132	5	4.7e+08	4.9e+07	-7900000	0.200972399358039	0.399611075521231	1e-09	1e-09	53209901.4996929	0	-187.892566945535	0
75	"OUMVA"	16464.0505585365	-32916.101117073	-32916.0595534907	-32882.4122848848	6	5.8e+09	980	36	1.33543082337121e-09	0.156290260418633	1e-09	3.52372948207821e-07	0.486102480060561	0.000217986387085215	1.18067576969548	0.0661953519035314
75	"OUMA"	3130706.49040098	-6261402.98080195	-6261402.95112836	-6261374.90677513	5	8.5e+10	1.7e+10	1e+07	0.229076255229948	0.440983378781047	1e-09	1e-09	57949601.6328712	41525.651159989	0.580061792841588	0.0155877615623488
76	"OUMVA"	25152.6015266692	-50293.2030533385	-50293.1614897561	-50259.5142211502	6	1500	190	28	3.25952888089188	1.07516968318324	1e-09	0.000368401259418763	1.94591014905531	12078922399805.2	5.30833128117783e-104	3.29506075339264e-91
76	"OUMA"	25308.4092463253	-50606.8184926506	-50606.7888190601	-50578.7444658271	5	6.2e+09	1e+09	1500	3.26912431766605	1.0612721043657	1e-09	1e-09	1.94591014905531	18830629722195.6	4.28428159428888e-105	4.1459118945876e-92
77	"OUMVA"	17377.1418890691	-34742.2837781381	-34742.2422145558	-34708.5949459499	6	1600	140	29	0.141978865203958	0.257797467461164	1e-09	3.32482277624501e-06	0.131111153182595	2.55337074685106e-05	1.70147611436927	0.0642447071421515
77	"OUMA"	25316.1719127637	-50622.3438255275	-50622.314151937	-50594.2697987039	5	1.5e+12	2.3e+09	-2.2e+09	3.25664557438771	1.26803718212957	1e-09	1e-09	1.94591014905531	69244137234.4466	2.21528983910116e-88	7.88298646303198e-78
78	"OUMVA"	17071.4849752987	-34130.9699505975	-34130.9283870151	-34097.2811184092	6	1600	150	27	0.09474945233003	0.218246022714085	1e-09	4.43233413791824e-07	0.120874600463966	3.34914862888627e-05	1.7974899166182	0.103929255121306
78	"OUMA"	25339.2218332453	-50668.4436664905	-50668.4139929	-50640.369639667	5	4600000	1200	-5.6e+08	3.20067441373008	1.69128196822492	1e-09	1e-09	1.94591014905531	3562638.80340406	2.57494891713211e-75	4.71430447773329e-69
79	"OUMVA"	25100.8756035581	-50189.7512071161	-50189.7096435338	-50156.0623749279	6	5.7e+09	980	37	3.36931546478826	1.23800322778871	1e-09	1.02687484179876e-09	1.94591014905531	489197879379.41	5.25020643551678e-99	1.31989128881713e-87
79	"OUMA"	25149.034323135	-50288.06864627	-50288.0389726795	-50259.9946194464	5	5.9e+09	2.5e+08	610	3.38304538176451	1.06789600266259	1.00294576136668e-09	1.00294576136668e-09	1.94591014905531	13225274759680.8	3.62431218215069e-107	2.46324448469891e-94
8	"OUMV"	-1960.22805503711	3930.45611007422	3930.48578366472	3958.53013689777	5	6.2e+09	1.5e+08	-2.6e+07	3.23561049221381	3.23561049221381	2.67645852850045	2.65141533659459	0.497892680487479	0.0147804509580677	1.01647566255389	0.0747333690579913
8	"OUMVA"	19175.9134993649	-38339.8269987298	-38339.7854351474	-38306.1381665415	6	6.2e+09	1.5e+08	-2.6e+07	5.70189341620316e-09	0.170985750530519	1.00056658707787e-09	0.154649657945103	14509.1749596585	64987558.5140396	0.846584395434178	326.263163283984
8	"OUMA"	48540.1857233846	-97070.3714467691	-97070.3417731786	-97042.2974199455	5	1.5e+09	2.8e+08	-550000	0.325343002408068	0.542200026606061	1.05646738797091e-09	1.05646738797091e-09	-721408428.390024	0	-14.7666550721873	0.117841140937378
80	"OUMA"	3989831.19476724	-7979652.38953447	-7979652.35986088	-7979624.31550765	5	1.9e+11	4.9e+10	6.4e+07	0.364425954514418	0.576671834422587	1e-09	1e-09	500938908.195735	99745.0447814207	-186.745381197965	0.0151653228636258
81	"OUMVA"	16985.2917497465	-33958.583499493	-33958.5419359106	-33924.8946673048	6	1500	210	25	0.0862179699361312	0.187223252613866	1e-09	0.000169799875070526	-0.166990163486011	4.39131919032851e-05	1.24737103120133	0.112741566277795
81	"OUMA"	25068.9220494245	-50127.844098849	-50127.8144252584	-50099.7700720254	5	6e+09	1.2e+08	5400	3.3345919028069	0.882975431036157	1e-09	1e-09	1.94591014905531	2326147848729.61	1.62579911982527e-114	1.94348599645469e-102
82	"OUMV"	-1952.2876290457	3914.5752580914	3914.60493168191	3942.64928491496	5	5.8e+09	1.5e+08	-2.5e+07	3.33686886933559	3.33686886933559	2.72831001583134	2.6112300464546	0.497082383681212	0.0146592985002492	1.01843588108727	0.0740406864942835
82	"OUMA"	17294.9852418774	-34579.9704837549	-34579.9408101644	-34551.8964569313	5	5100000	1100000	18000	0.0582503526963035	0.272781804777756	1e-09	1e-09	-93333611.5582573	7177253.32422709	2.41955463568364	0.167638763110072
82	"OUMVA"	18158.6736759897	-36305.3473519795	-36305.3057883971	-36271.6585197912	6	5.8e+09	1.5e+08	-2.5e+07	0.395155263862315	0.508537599690872	1e-09	6.33879929102225e-07	0.37891184334352	2.33213194874196e-05	1.78821547722554	0.0336375525868483
83	"OUMVA"	25136.5328296782	-50261.0656593563	-50261.0240957739	-50227.3768271681	6	1500	200	26	3.39400756874719	1.16516819391206	1e-09	0.0003135277030706	1.94591014905531	4559.41982247535	5.3580264692307e-105	1.25540839541855e-101
83	"OUMA"	42136.3147027018	-84262.6294054036	-84262.5997318131	-84234.5553785801	5	8.7e+08	1.3e+08	-340000	0.255059119260656	0.457438115510418	1e-09	1e-09	-565407668.591156	1072004.39296	4.03883294604398	0.0269346268274063
84	"OUMVA"	25878.5503505203	-51745.1007010406	-51745.0591374582	-51711.4118688523	6	5.4e+09	980	36	3.3488468745067	1.29179088183507e-09	1e-09	61.8070414225349	1.32024078534463	1.74422525461583e+36	4.02915560599966e-92	0
84	"OUMA"	4739529073007.45	-9479058146004.91	-9479058146004.88	-9479058145976.83	5	3.1e+17	7.8e+16	-5.8e+13	2.37511607006965	1.87807270435615	1e-09	1e-09	1.65958647127415	1.95168411259548e-09	20748824.8739988	0
85	"OUMA"	25549.5621379698	-51089.1242759396	-51089.0946023491	-51061.0502491161	5	5.6e+09	3.1e+07	940	3.48874556600266	1.37020288581622	1e-09	1e-09	0.492920415022285	7079.80092167532	8.04138221749037e-98	1.15498128095288e-93
86	"OUMA"	25061.5555441998	-50113.1110883996	-50113.0814148091	-50085.0370615761	5	5.7e+09	8500000	1000	3.43119625431592	1.48795332242466	1e-09	1e-09	1.94591014905531	3.84402773697371e+21	5.31173425326287e-87	1.04930095620748e-65
87	"OUMA"	25541.5103059903	-51073.0206119805	-51072.99093839	-51044.946585157	5	5.7e+09	6400000	1200	3.43887356056066	1.39828798402814	1e-09	1e-09	1.94591014905531	190689574065.073	2.31093564028731e-94	2.26460267526801e-83
87	"OUMVA"	25597.274709674	-51182.549419348	-51182.5078557656	-51148.8605871597	6	1700	120	25	3.42809435677104	1.02446786294133e-06	1.03280937765021e-09	23.8333597803316	1.94591014905531	2.00749682747594e+22	1.09301191921056e-158	1.12760497254913e-136
88	"OUMVA"	25272.7689999516	-50533.5379999032	-50533.4964363208	-50499.8491677149	6	1800	53	5.3	3.46183564282227	1.32246635128723	1.00040969795906e-09	0.00208894323070449	1.94591014905531	354200003585609	1.02192925763775e-95	1.86014419471143e-81
88	"OUMA"	620088.182070128	-1240166.36414026	-1240166.33446667	-1240138.29011343	5	1.4e+12	6.2e+10	2e+06	0.70569218224059	0.915695458335585	1e-09	1e-09	-1619165879.24688	634998.353879901	1.80218321269602	0.0151057468106499
89	"OUM"	-2168.33319174986	4344.66638349973	4344.68615611466	4367.12560495857	4	6.3e+09	-5.6e+09	0	3.38940624539317	3.38940624539317	3.43179044368695	3.43179044368695	0.497754300662653	0.0163522057705311	1.0357164215018	0.0860390073979458
89	"OUMV"	-2167.42261798922	4344.84523597844	4344.87490956894	4372.91926280199	5	6.3e+09	1.2e+09	-6.8e+09	3.38939042357979	3.38939042357979	3.45758573020552	2.71995313056809	0.497760250222967	0.01641298479122	1.03464730269678	0.0766410268742174
89	"OUMA"	19927.4285701066	-39844.8571402131	-39844.8274666226	-39816.7831133896	5	4e+15	-2.2e+14	-2.4e+16	3.19560387723439	3.38938184938199	1e-09	1e-09	-3.41895789698565e-12	0	0.731263449857627	0.0222340123803877
89	"OUMVA"	25273.962347836	-50535.924695672	-50535.8831320896	-50502.2358634837	6	6.3e+09	1.2e+09	-6.8e+09	3.38492382590185	1.58668876200767	1.00204824378805e-09	9.65530689236905	1.94591014905531	100269345.114292	7.68060382560401e-82	3.95768075956393e-74
9	"OUMA"	51220.151150722	-102430.302301444	-102430.272627854	-102402.228274621	5	2.2e+09	1e+09	160000	0.000123019731144008	0.743403794583896	2.44072951536213e-09	2.44072951536213e-09	-3.20284150096287e-09	15797727869112954	0.75162593949587	4.68929490297644e+25
90	"OUMVA"	19538.418726482	-39064.837452964	-39064.7958893816	-39031.1486207757	6	1600	140	26	1.06177551719181e-09	0.154174391639439	1e-09	0.384261925914388	26261.8773422286	38581885.320631	0.819358204950471	190.427085312272
90	"OUMA"	24061.0122293367	-48112.0244586733	-48111.9947850828	-48083.9504318498	5	6.1e+09	1.8e+07	-300	3.29151864028255	1.36583194800656	1e-09	1e-09	1.9459098887659	91942725030039.4	1.14407094560892e-91	5.40564729312859e-78
91	"OUMA"	25612.5399393398	-51215.0798786797	-51215.0502050892	-51187.0058518561	5	6.3e+09	5900000	1300	3.2282775942141	1.53580902866831	1.0011912491316e-09	1.0011912491316e-09	1.94591014905531	11423027394.4262	5.68226332571402e-81	3.33564474513307e-71
92	"OUMVA"	16857.2559548097	-33702.5119096193	-33702.470346037	-33668.8230774311	6	1600	180	29	0.0653559342103795	0.199730358338384	1e-09	9.22766663607715e-08	0.171406808525109	4.76226669079442e-05	1.26003838226723	0.0821186249080013
92	"OUMA"	25822.570463328	-51635.140926656	-51635.1112530655	-51607.0668998324	5	6.2e+09	1.5e+07	1700	3.27979508187462	1.36785501923478	1.00181087444654e-09	1.00181087444654e-09	1.94591014905531	78830082.8394654	1.79617564138396e-92	7.27642407709664e-85
93	"OUMVA"	25103.883786456	-50195.767572912	-50195.7260093296	-50162.0787407238	6	1700	110	33	3.08416758179884	4.57639078793879e-08	1.00006317259999e-09	0.927004177582536	1.94591014905531	33519781895681244	1.06835950263507e-150	4.91564777759864e-134
93	"OUMA"	25550.6163791931	-51091.2327583862	-51091.2030847957	-51063.1587315627	5	6.2e+09	1e+07	660	3.26447482877913	1.61249468736917	1e-09	1e-09	1.94591014905531	3681486.97460824	1.02889164782292e-78	1.94826544142693e-72
94	"OUMVA"	25062.4704636979	-50112.9409273957	-50112.8993638133	-50079.2520952074	6	5.8e+09	980	37	3.11168924251805	8.92377412221849e-08	1.00007276460394e-09	15.9733498304003	1.94591014905531	385541.520003009	5.05403392907903e-149	1.0013512273848e-143
94	"OUMA"	29228.903071122	-58447.806142244	-58447.7764686535	-58419.7321154204	5	5e+07	1.8e+07	-7600000	0.077164790195946	0.259511561353741	1e-09	1e-09	-49006545.7298259	895374.713406883	82.9183409482675	0.0205969801322636
95	"OU1"	-2093.86110279645	4193.7222055929	4193.73406330041	4210.56662168704	3	5.4e+09	-250000	0	3.49456322953577	0	3.27774065688849	0	0.517518989980553	0.0154064699258686	0	0
95	"OUMA"	24637.0617661458	-49264.1235322916	-49264.0938587011	-49236.0495054681	5	5.6e+09	2.9e+07	1200	3.48710972042415	1.18676461419151	1e-09	1e-09	1.94591014905531	1061147958159.5	4.90827494990343e-102	2.67659117955882e-90
95	"OUMVA"	24640.422944006	-49268.845888012	-49268.8043244296	-49235.1570558238	6	5.4e+09	980	36	3.49379324863343	1.12108388566289	1.00003166399473e-09	1.01642427462399e-09	1.94591014905531	3621052805757.85	3.25211485195635e-105	6.05170779084546e-93
96	"OUMA"	25550.9472451479	-51091.8944902959	-51091.8648167054	-51063.8204634723	5	5.9e+09	2600000	320	3.38848931585218	1.88970159494497	1.00009647292312e-09	1.00009647292312e-09	1.94591014905531	930886.16251083	9.85289649631416e-71	4.71343705850088e-65
96	"OUMVA"	76183.6260291834	-152355.252058367	-152355.210494784	-152321.563226179	6	5.7e+09	980	37	2.77405076564977	2.989537432108	1e-09	1.10938937407649e-09	-401504591.271298	0	9.10888568008061	0.0297131885933032
97	"OUMA"	12346.1411975275	-24682.2823950549	-24682.2527214644	-24654.2083682314	5	2.2e+08	730000	1600	1.00138609934777e-09	0.313911998574549	1.01095452221189e-06	1.01095452221189e-06	1.09093717740669e-14	1.08653585589387e-05	1.2506369292508	428470238.581698
97	"OUMVA"	25314.2401031614	-50616.4802063228	-50616.4386427404	-50582.7913741346	6	1700	120	25	3.17965096679879	1.36606958943018	1.0018082482511e-09	0.00140935569735918	1.36944972926731	2350.48274825207	7.17673928991666e-97	1.2317741868231e-93
98	"OUMA"	25371.2146314468	-50732.4292628936	-50732.3995893031	-50704.3552360701	5	6e+09	7200000	630	3.35023039567793	1.63382768484701	1e-09	1e-09	1.94591014905531	7411910084.48032	8.00711107972194e-77	3.04988323269484e-67
98	"OUMVA"	25443.3205301281	-50874.6410602561	-50874.5994966737	-50840.9522280679	6	5.7e+09	980	36	3.38152315312461	1.63029039039571	1.00053412405443e-09	1.39446511501758e-09	1.94591014905531	15302566989.6623	2.06031302079126e-78	1.62022270327527e-68
99	"OUMA"	19923.1965300986	-39836.3930601971	-39836.3633866066	-39808.3190333735	5	2.1e+16	-1.8e+14	-1.1e+17	3.17499644624441	3.37440566571881	1e-09	1e-09	174024.693875644	12773.3032061573	0.821047173761012	0.0353966772023531
99	"OUMVA"	25608.1908465753	-51204.3816931506	-51204.3401295682	-51170.6928609623	6	1700	140	26	3.37924249360836	1.5225102133889	1.00002763969439e-09	1.01833428793073e-09	1.94591014905531	102111836.046658	8.4521221018011e-87	4.4352598023318e-79
