"id"	"model"	"loglik"	"AIC"	"AICc"	"BIC"	"param.count"	"eigval1"	"eigval2"	"eigval3"	"X0_alpha"	"X1_alpha"	"sigma0"	"X1_sigma.sq"	"theta0"	"theta_se0"	"theta_1"	"theta_se_1"
"ouwie_Afr_avgl_1"	"OUMVA"	22936.777184452	-45861.5543689039	-45861.5083667134	-45828.4721134169	6	1400	190	26	3.40612505025752	1.30726546154481	1.00005868580852e-09	56.1574212319218	1.94591014905531	60765.1960298252	1.42492401094664e-97	4.44962923364229e-93
"ouwie_Afr_avgl_1"	"OUMA"	257587.52666819	-515165.053336379	-515165.020495657	-515137.48479014	5	4.2e+13	-1.6e+08	-9.2e+12	1.73611772149166	1.93127238324201	1e-09	1e-09	3599043.98650419	0	29.2386863289201	0
"ouwie_Afr_avgl_10"	"OUMA"	43188.5066708324	-86367.0133416647	-86366.9805009422	-86339.4447954255	5	2.2e+10	3.4e+07	38000	1.0560095405252	2.81784950119856	1.00051032099721e-09	1.00051032099721e-09	2.99727494726014e-13	0	1.44719449202168	1.55683929818783e+71
"ouwie_Afr_avgl_100"	"OUMVA"	24274.6127376279	-48537.2254752559	-48537.1794730653	-48504.1432197688	6	1400	200	28	3.32267653091435	1.53342402419158	1.00912022904995e-09	4.24676557308214e-05	1.79175946922805	1.32008538269069e+35	1.83489459233529e-22	0
"ouwie_Afr_avgl_100"	"OUMA"	24400.7345391497	-48791.4690782995	-48791.436237577	-48763.9005320603	5	6e+09	1.1e+07	1200	3.32783593622576	1.57228190124299	1.00526884471589e-09	1.00526884471589e-09	1.79175946922805	2.32016351836265e+34	1.03823206467828e-21	4114841545295.35
"ouwie_Afr_avgl_101"	"OUMVA"	23495.7217066965	-46979.4434133931	-46979.3974866572	-46946.351345966	6	1700	63	0.98	2.78836588339191	1.0296900184686e-09	1e-09	0.161415122544338	1.79175946922805	1.8844783416563e+68	-1.28993041745637e-75	1.16621491540065e-06
"ouwie_Afr_avgl_101"	"OUMA"	23519.4147141565	-47028.829428313	-47028.7966414277	-47001.2527054571	5	6e+09	1.9e+09	2000	3.33066702236209	1.05083695950538	1.00166070483383e-09	1.00166070483383e-09	1.79175946922805	7.87636065176725e+54	-4.52880018422015e-32	0
"ouwie_Afr_avgl_11"	"OUMVA"	22333.6658924647	-44655.3317849294	-44655.2857827389	-44622.2495294424	6	1700	52	3.4	3.32657330227008	2.17596526965721e-07	1.00055184598372e-09	21.7069461006855	1.79175946922805	7.73505011108523e+86	2.48297821305179e-81	0
"ouwie_Afr_avgl_11"	"OUMA"	22912.6853897253	-45815.3707794505	-45815.337938728	-45787.8022332113	5	6.1e+09	1.6e+07	150	3.28622186994692	1.42109227026923	1e-09	1e-09	1.79175946922805	3.63982828904818e+46	2.26151693634058e-29	171510690371414112
"ouwie_Afr_avgl_12"	"OUMA"	23831.7029770486	-47653.4059540973	-47653.3731133748	-47625.8374078581	5	5.9e+09	1.4e+07	1700	3.37646313006386	1.58627546219844	1.00033408952151e-09	1.00033408952151e-09	1.79175946922805	1.86633460932111e+38	1.98830595284542e-16	801053514621786240
"ouwie_Afr_avgl_13"	"OUMA"	23011.6082896103	-46013.2165792205	-46013.183738498	-45985.6480329813	5	6.1e+09	6400000	1300	3.31248684379986	1.48307376741801	1e-09	1e-09	1.79175946922805	1.04575000534236e+49	4.85657377277131e-20	2.0595601048036e+29
"ouwie_Afr_avgl_13"	"OUMVA"	24217.9861321204	-48423.9722642409	-48423.9262620503	-48390.8900087538	6	1500	140	25	3.28322386820379	1.41076660423126e-06	1.01088977877661e-09	3.49872025046586e-07	1.79175946922805	7.61724448460367e+91	-5.43007434369064e-73	0
"ouwie_Afr_avgl_14"	"OUMA"	17543.2438679685	-35076.487735937	-35076.4548952145	-35048.9191896978	5	2.3e+07	57000	-2700	1.16236189668278e-09	0.327707440759572	1.0023214287666e-09	1.0023214287666e-09	5.90608836867058e-12	0.000131308287315699	1.13765007176427	1813842.42171848
"ouwie_Afr_avgl_15"	"OUMVA"	23002.3448468813	-45992.6896937626	-45992.643691572	-45959.6074382756	6	1500	130	23	2.56647513951499	5.56065481791791e-07	1.00131057772296e-09	28.702648341206	1.79175946922805	4.32155063123329e+62	1.53836275984592e-68	0
"ouwie_Afr_avgl_15"	"OUMA"	23394.4705715101	-46778.9411430201	-46778.9083022976	-46751.3725967809	5	5.8e+09	9300000	140	3.39945242895976	1.75920273869514	1e-09	1e-09	1.79175946922805	1.65058061937458e+38	-4.09963434607961e-32	372039936412763
"ouwie_Afr_avgl_16"	"OUMA"	22971.430637547	-45932.8612750941	-45932.8284343716	-45905.2927288549	5	5.9e+09	3.4e+07	200	3.36102785192016	1.37005943998338	1.00190524594835e-09	1.00190524594835e-09	1.79175946922805	2.61067672390614e+47	-8.07908927315536e-25	3.19933847022686e+27
"ouwie_Afr_avgl_17"	"OUMVA"	36607.5112869652	-73203.0225739305	-73202.9765717399	-73169.9403184434	6	5.7e+09	880	34	0.0770608549310196	0.582656794994286	1.01268344001046e-09	1.23434381367168e-08	-1211633.61323713	0	1.44276707917502	4539629653442.21
"ouwie_Afr_avgl_17"	"OUMA"	42864.1205487919	-85718.2410975839	-85718.2082568614	-85690.6725513447	5	7.3e+08	6900000	5300	2.08106192236625e-05	0.524975507558364	1e-09	1e-09	293.201475822033	11822433810247228	1.31007820833076	5235289952976.39
"ouwie_Afr_avgl_18"	"OUMA"	34337.405061603	-68664.810123206	-68664.7772824835	-68637.2415769668	5	2.7e+08	1600000	4000	0.00162205660874674	0.498248024717722	1.00794423082459e-09	1.00794423082459e-09	-2103068.31375918	8059848205669525504	4.01205604898002	503581915983.32
"ouwie_Afr_avgl_18"	"OUMVA"	50771.4979214272	-101530.995842854	-101530.949840664	-101497.913587367	6	1300	220	24	1.74128240013935e-05	0.509459467374885	1.02379202848786e-09	1.14380782191463e-09	1298611.19686564	382583771582923520	1.15885810524625	1019060303988.5
"ouwie_Afr_avgl_19"	"OUMVA"	23057.2432834495	-46102.4865668991	-46102.4405647085	-46069.4043114121	6	1300	220	27	3.04705287123712	1.40008490255885e-08	1.00011411987298e-09	3.72171756953004	1.79175946922805	2.56246918526958e+77	-3.02595992783307e-77	5.87113860595504
"ouwie_Afr_avgl_19"	"OUMA"	23776.0361118824	-47542.0722237649	-47542.0393830424	-47514.5036775257	5	6e+09	1.3e+07	490	3.34309313088698	1.6052527782115	1e-09	1e-09	1.79175946922805	1.0631333590889e+42	-7.70205913834092e-31	0
"ouwie_Afr_avgl_2"	"OUMVA"	22748.8729515258	-45485.7459030516	-45485.6999008611	-45452.6636475646	6	1400	190	25	3.32109449073812	1.88552313803504	1e-09	1.1035772553462e-09	1.94591014905531	8051.49306019401	2.90151524238693e-68	1.20054514590342e-64
"ouwie_Afr_avgl_2"	"OUMA"	61971.9428535405	-123933.885707081	-123933.852866358	-123906.317160842	5	1.6e+09	3.1e+08	-7700	0.268336858630726	0.475814358526819	1e-09	1e-09	-4470083.71922518	0	-1.66923733269164	0.0581265000184576
"ouwie_Afr_avgl_20"	"OUM"	-2028.19956837075	4064.39913674151	4064.42101857958	4086.45397373287	4	2.7e+09	-2.1e+09	0	3.42691964545443	3.42691964545443	3.71336841374912	3.71336841374912	0.502757015881419	0.0177519578001326	1.15776317256649	0.0838765557579437
"ouwie_Afr_avgl_20"	"OUMA"	22151.0232099267	-44292.0464198533	-44292.0135791308	-44264.4778736141	5	5.8e+09	3400000	170	3.3832847260921	1.56298169136509	1e-09	1e-09	1.79161588673591	8.73779797383192e+43	-7.58748974911869e-19	0
"ouwie_Afr_avgl_20"	"OUMVA"	23700.313545807	-47388.627091614	-47388.5810894235	-47355.544836127	6	5.6e+09	880	39	1.23374564880766	1.68865476897645e-09	1.00001413508979e-09	0.53520094918428	1.79039034366092	2.61329164649896e+28	-3.51606078503625e-41	0
"ouwie_Afr_avgl_21"	"OUMVA"	22661.9317910025	-45311.8635820049	-45311.8175798143	-45278.7813265179	6	1400	170	23	3.24986491609733	1.34036220252323	1e-09	0.00666682300058884	1.79175946922805	5.08009978221178e+42	-1.21985560967219e-24	0
"ouwie_Afr_avgl_21"	"OUMA"	22815.2872340641	-45620.5744681282	-45620.5416274057	-45593.005921889	5	6.3e+09	7400000	110	3.24698632936091	1.3859492409605	1e-09	1e-09	1.79175946922805	3.14487212630791e+41	-1.5563078369217e-22	0
"ouwie_Afr_avgl_22"	"OUMA"	46850.7188782518	-93691.4377565036	-93691.4049157811	-93663.8692102644	5	1.5e+09	2e+07	2000	1.98338264603728e-05	0.723287991541349	1e-09	1e-09	-909.746510600357	0	1.6952022587547	0
"ouwie_Afr_avgl_23"	"OUMVA"	23188.7371017024	-46365.4742034049	-46365.4282012143	-46332.3919479178	6	1400	180	29	3.42268975550764	1.76659112225065	1.00802633812575e-09	1e-09	1.79175946922805	1.02799025434011e+40	-2.97366623019358e-57	0
"ouwie_Afr_avgl_23"	"OUMA"	23217.1059429428	-46424.2118858856	-46424.1790451631	-46396.6433396464	5	5.7e+09	5100000	1200	3.45180229163029	1.76214372395363	1e-09	1e-09	1.79175946922805	8.29572367520755e+40	-4.72238133468334e-56	0
"ouwie_Afr_avgl_24"	"OUMVA"	23011.1792329888	-46010.3584659777	-46010.3124637871	-45977.2762104906	6	1700	58	4.8	3.27372482198868	0.987777064313246	1.00568202863916e-09	0.0247630854099684	1.79175946922805	6.13293828481958e+46	-5.1483598506562e-32	0
"ouwie_Afr_avgl_24"	"OUMA"	23359.8849015044	-46709.7698030088	-46709.7369622863	-46682.2012567696	5	6.2e+09	2.6e+08	1400	3.28349512212966	1.09506175125453	1.00121444419655e-09	1.00121444419655e-09	1.79175946922805	3.80944888477613e+44	2.15110029214155e-26	1757842197231.23
"ouwie_Afr_avgl_25"	"OUMV"	-1795.41878316804	3600.83756633609	3600.87040705858	3628.40611257529	5	4.5e+08	450	-8e+07	2.10634897819484	2.10634897819484	1.76781379977497	2.26811325639289	0.510967225851846	0.0157304585640609	1.13691138606115	0.0883206996189396
"ouwie_Afr_avgl_25"	"OUMVA"	23140.4858971349	-46268.9717942698	-46268.9257920792	-46235.8895387827	6	4.5e+08	450	-8e+07	3.3645685764363	1.48584413777146	1e-09	1.0069626054918e-09	1.79175946922805	1.78605367180945e+36	6.2906612772553e-24	0
"ouwie_Afr_avgl_25"	"OUMA"	23171.9422410565	-46333.8844821129	-46333.8516413904	-46306.3159358737	5	5.9e+09	6200000	130	3.38484343255116	1.49805142539597	1e-09	1e-09	1.79175946922805	2.67524343381243e+36	-1.52973394938373e-24	0
"ouwie_Afr_avgl_26"	"OUMA"	14569.0155210648	-29128.0310421296	-29127.9982014071	-29100.4624958904	5	1200000	630000	-4.6e+08	9.32367419836153e-07	0.179883477738301	1e-09	1e-09	0.493617859154208	0.000219989325419359	1.93758515670472	0.0922393908226869
"ouwie_Afr_avgl_26"	"OUMVA"	23592.8507931145	-47173.7015862291	-47173.6555840385	-47140.619330742	6	1500	120	34	3.28857530459321	1.54793157148391	1e-09	9.03781166607393	1.79175946922805	1.71938616246442e+28	-7.2821545630834e-27	0
"ouwie_Afr_avgl_27"	"OUMVA"	23607.3733047616	-47202.7466095231	-47202.7006073325	-47169.6643540361	6	1500	99	20	3.42108032868683	1.55042306958865	1.00031315711977e-09	3.11855121286943e-05	1.79175946922805	6.93153409550177e+33	-4.47694848011206e-27	0
"ouwie_Afr_avgl_27"	"OUMA"	23612.8628004893	-47215.7256009785	-47215.692760256	-47188.1570547393	5	5.8e+09	8900000	1100	3.40761112655563	1.56457519144441	1e-09	1e-09	1.79175946922805	1.85920929959688e+33	-2.54228492843146e-26	0
"ouwie_Afr_avgl_28"	"OUMA"	14538.6117409077	-29067.2234818154	-29067.1906410929	-29039.6549355762	5	1100000	740	-68	0.000166929136887617	0.217848767272668	1e-09	1e-09	-18759.7459689074	8035.22005952955	1.83598149219983	0.138794068774201
"ouwie_Afr_avgl_28"	"OUMVA"	15218.62961539	-30425.25923078	-30425.2132285894	-30392.176975293	6	1300	240	22	0.0865083487033162	0.187777213767362	1e-09	0.000199333480276059	1.03448674268673	0.138013839967816	1.58763522523122	0.128585152792982
"ouwie_Afr_avgl_29"	"OUMA"	22696.8274925807	-45383.6549851613	-45383.6221444388	-45356.0864389221	5	5.8e+09	5.2e+09	7900	3.40861951092382	0.966196750172514	1.00010906654968e-09	1.00010906654968e-09	1.31994335353461	1.27109116470992e+48	5.95390799167478e-26	1.66479681876957e+23
"ouwie_Afr_avgl_29"	"OUMVA"	24247.031213188	-48482.062426376	-48482.0164241854	-48448.9801708889	6	1500	73	30	2.51762990493718	1.04131750744026e-08	1e-09	17.0866308445672	1.31994332967972	6.52452980010808e+49	-1.89629505844825e-61	0
"ouwie_Afr_avgl_3"	"OUMA"	22726.0824297753	-45442.1648595505	-45442.132018828	-45414.5963133113	5	5.7e+09	7.5e+07	700	3.4224267552106	1.16430491814422	1e-09	1e-09	1.79175946922805	4.24516934861825e+54	-5.60290709331975e-27	4.89796233068585e+28
"ouwie_Afr_avgl_3"	"OUMVA"	22750.3172631956	-45488.6345263913	-45488.5885242007	-45455.5522709042	6	5.6e+09	880	35	3.43206014871563	1.17545949881239	1.00002331665992e-09	1.00526207938215e-09	1.79175946922805	3.8652699049369e+54	8.49184993700934e-26	3.74300612518156e+28
"ouwie_Afr_avgl_30"	"OUMA"	17554.9486736307	-35099.8973472614	-35099.8645065389	-35072.3288010222	5	6.2e+13	4.7e+11	-4.9e+11	2.13726087275524	2.33102337557357	1e-09	1e-09	13371459.2241439	1588352.07779094	1.33686964831436	0.0273081728059569
"ouwie_Afr_avgl_31"	"OUMA"	17610.4527462915	-35210.9054925831	-35210.8726518606	-35183.3369463439	5	2.3e+08	960000	400	1.70108377114439e-09	0.34102513084373	1.00012405520831e-09	1.00012405520831e-09	-1.99955321703524e-11	0	1.00436029969668	67576.6449445448
"ouwie_Afr_avgl_31"	"OUMVA"	18119.6352231416	-36227.2704462831	-36227.2244440925	-36194.1881907961	6	1500	160	28	2.40286059031566e-09	0.168815358173883	1.01026457344234e-09	0.00177540041322203	300982203.384936	159207571.614455	-8.24592669970792	0
"ouwie_Afr_avgl_32"	"OUMV"	-1775.64419342034	3561.28838684068	3561.32122756317	3588.85693307987	5	910	36	-26000	3.1426042560734	3.1426042560734	2.5753876647659	3.2566033640609	0.49703635493995	0.0154737904275003	1.18998213887101	0.0861497203020585
"ouwie_Afr_avgl_32"	"OUMVA"	17580.0354080994	-35148.0708161987	-35148.0248140082	-35114.9885607117	6	910	36	-26000	1.28650065666952e-07	0.30285560610981	1e-09	1.00114983315964e-09	1.2811741735754e-08	3.05744298550992e-06	1.36992836495562	144.819348816223
"ouwie_Afr_avgl_32"	"OUMA"	22454.4096764878	-44898.8193529756	-44898.7865122531	-44871.2508067364	5	1.4e+07	1500	-5.2e+08	3.35365901678684	1.46615045125006	1.00059521652224e-09	1.00059521652224e-09	1.79175946922805	1.62043987675058e+46	9.04607343155661e-29	570947267448381888
"ouwie_Afr_avgl_33"	"OUMA"	30611.5407591287	-61213.0815182573	-61213.0486775348	-61185.5129720181	5	5600000	640000	3400	0.000603283904916991	0.480287119720131	1e-09	1e-09	-650.269433323024	0	1.13379247256119	260455452438.216
"ouwie_Afr_avgl_33"	"OUMVA"	32414.9857406458	-64817.9714812916	-64817.925479101	-64784.8892258045	6	1400	170	25	0.0244321304364086	0.49100847633428	1.00297002692315e-09	0.00155467902695067	-218.175773020972	569898702831241856	1.34952034398868	139788117316248
"ouwie_Afr_avgl_34"	"OUMA"	32175.564796585	-64341.1295931701	-64341.0967524476	-64313.5610469309	5	1.1e+11	3.8e+08	-2.7e+07	1.09306686582572e-09	0.421285090031104	1e-09	1e-09	1.08456005069793e-08	60.4936235648756	0.763718833753982	43153503602.72
"ouwie_Afr_avgl_35"	"OUMA"	14822.3038541818	-29634.6077083635	-29634.574867641	-29607.0391621243	5	1700000	99000	-40000	0.00133665605398864	0.194508818619991	1e-09	1e-09	80780.7217813776	0	1.77659677720518	0.0241744099662003
"ouwie_Afr_avgl_36"	"OUMA"	23455.7007871916	-46901.4015743831	-46901.3687336606	-46873.8330281439	5	6.5e+09	1.5e+07	1300	3.17913207730342	1.39684065436727	1e-09	1e-09	1.79175946922805	8.33295532717747e+41	-9.18923172240922e-17	3.41485664869321e+25
"ouwie_Afr_avgl_37"	"OUMVA"	23112.1856234506	-46212.3712469012	-46212.3252447106	-46179.2889914142	6	1700	46	2.9	3.37260808579184	1.05995586934896	1.00440371669752e-09	1.10722675399245e-09	2.16905370036952	1.13926249105916e+51	-6.21452855976543e-35	55501017062620640
"ouwie_Afr_avgl_37"	"OUMA"	23174.3604939637	-46338.7209879274	-46338.6881472049	-46311.1524416882	5	5.9e+09	4.9e+07	2400	3.36389195290491	1.26535604605986	1e-09	1e-09	2.16905370036952	6.09246273470607e+45	-1.85848371841952e-25	5.40709374760359e+20
"ouwie_Afr_avgl_38"	"OUMVA"	14756.2087394255	-29500.417478851	-29500.3714766604	-29467.3352233639	6	1400	190	27	0.23627399256448	1.11361335104639e-07	1e-09	1.03214150313904e-09	0.348293628573172	0.0409842242530701	-1.04810107668509e-12	2.40615115999811e-15
"ouwie_Afr_avgl_38"	"OUMA"	39975.7919084145	-79941.583816829	-79941.5509761065	-79914.0152705898	5	2.2e+08	2.2e+07	-2e+07	0.000121227886441106	1.3722420162211	1.75517844496173e-09	1.75517844496173e-09	3.12692855142143e-07	0	1.38416509333712	1.04095780624166e+52
"ouwie_Afr_avgl_39"	"OUMVA"	23011.71870477	-46011.43740954	-46011.3914073494	-45978.3551540529	6	1500	180	30	3.03240950331432	1.07090562473394	1e-09	0.485747069269918	1.79175946922805	3.17515160700222e+42	1.8265723717362e-31	299196704115.754
"ouwie_Afr_avgl_39"	"OUMA"	23575.0862295231	-47140.1724590462	-47140.1396183238	-47112.603912807	5	6.3e+09	3.4e+07	580	3.24893517472677	1.26674561472204	1e-09	1e-09	1.79175946922805	9.69589931692915e+42	-7.71721117852629e-27	25197865906081676
"ouwie_Afr_avgl_4"	"OUMA"	14764.8147134205	-29519.6294268409	-29519.5965861184	-29492.0608806017	5	1400000	47000	31	0.0220112859436517	0.228120102221517	1e-09	1e-09	2.25680395349859e-10	2.34290818717451e-12	1.87774007647741	0.0192672155979581
"ouwie_Afr_avgl_4"	"OUMVA"	22857.8597491096	-45703.7194982192	-45703.6734960286	-45670.6372427321	6	1400	210	26	3.37379562846103	1.47049141651135	1e-09	1e-09	1.79175946922805	9.7490595982582e+53	-2.34932672401052e-43	0
"ouwie_Afr_avgl_40"	"OUMA"	23233.5996074919	-46457.1992149838	-46457.1663742613	-46429.6306687446	5	6.5e+09	6900000	1100	3.19070990127885	1.43270093360751	1e-09	1e-09	1.79175946922805	3.47388594752793e+33	1.86874478872396e-21	83632032.6549564
"ouwie_Afr_avgl_40"	"OUMVA"	23783.2762131639	-47554.5524263278	-47554.5064241372	-47521.4701708408	6	1700	53	2.3	2.96501938867905	3.37997960004551e-09	1.00070010613351e-09	67.590663670198	1.79175946922805	8.93730811692253e+59	-2.48062828327269e-84	0
"ouwie_Afr_avgl_41"	"OUMVA"	23140.0351022645	-46268.0702045289	-46268.0242023383	-46234.9879490419	6	1400	170	27	3.48513281367067	1.4385841957474	1.00983777683898e-09	0.000439851502326434	1.94591014905531	684238445513.255	1.69103302322658e-90	5.94616255887181e-79
"ouwie_Afr_avgl_41"	"OUMA"	23348.4566577783	-46686.9133155567	-46686.8804748342	-46659.3447693175	5	5.6e+09	2.2e+07	2400	3.47544401548036	1.52193318414667	1e-09	1e-09	1.94591014905531	117622097821.614	2.05393148232627e-86	1.24151533846698e-75
"ouwie_Afr_avgl_42"	"OUMVA"	14521.4328412392	-29030.8656824784	-29030.8196802878	-28997.7834269914	6	1400	200	28	0.00180186896400902	0.128602936540996	1e-09	0.000172648068531548	0.491152622135706	0.000186586585327191	1.85524219965693	0.779293526850724
"ouwie_Afr_avgl_42"	"OUMA"	14638.9391720567	-29267.8783441135	-29267.845503391	-29240.3097978743	5	1.2e+07	6400	-15000	7.93885149040635e-08	0.198467612336146	1e-09	1e-09	-752083.938221976	325303.998973451	1.75257988783076	0.0180582394059703
"ouwie_Afr_avgl_43"	"OUMA"	23542.758543649	-47075.517087298	-47075.4842465755	-47047.9485410588	5	5.7e+09	3.7e+07	1700	3.4261281546859	1.30779482350912	1e-09	1e-09	1.79175946922805	4.33396316262866e+46	-9.17994192544836e-25	0
"ouwie_Afr_avgl_43"	"OUMVA"	23543.231687967	-47074.4633759341	-47074.4173737435	-47041.381120447	6	5.6e+09	880	35	3.41509348767301	1.30023229057377	1e-09	1.1877075540314e-09	1.79175946922805	3.57341022000775e+46	5.79387866414696e-25	0
"ouwie_Afr_avgl_44"	"OUMA"	40438.8328917999	-80867.6657835999	-80867.6329428774	-80840.0972373607	5	7.4e+08	4400000	1900	2.13688720830298e-05	0.503543715861879	1.00394581173032e-09	1.00394581173032e-09	-13307.166833959	0	2.53634658281446	0
"ouwie_Afr_avgl_44"	"OUMVA"	599402427.912381	-1198804843.82476	-1198804843.77876	-1198804810.74251	6	1500	160	27	0.167185117394801	0.331507258859449	1.0030593362266e-09	1.02473836653056e-09	210255417.739734	0	12.9403408214432	0
"ouwie_Afr_avgl_45"	"OUMA"	16405.1704784144	-32800.3409568289	-32800.3081161064	-32772.7724105897	5	2e+07	4100000	-2800	0.176264970693341	0.379824621251281	1e-09	1e-09	-1936754.08321805	78109.4814696047	-4.67017723605245	0.113594368800388
"ouwie_Afr_avgl_45"	"OUMVA"	24322.3110192016	-48632.6220384033	-48632.5760362127	-48599.5397829162	6	1700	62	5.6	2.85245196390849	1.59624901734071e-07	1e-09	2.49591145362736e-08	1.94591014905531	1.77018014308286e+20	1.01936215545727e-137	9.27306251563884e-118
"ouwie_Afr_avgl_46"	"OUMV"	-1781.36412230986	3572.72824461972	3572.76108534222	3600.29679085892	5	910	35	-27000	3.09900783601894	3.09900783601894	2.54652601541145	3.24699957156856	0.50429282039361	0.0154888732882273	1.1784483463328	0.087440027512224
"ouwie_Afr_avgl_46"	"OUM"	-1781.2407221663	3570.48144433261	3570.50332617068	3592.53628132397	4	6.2e+09	-7.5e+09	0	3.45906481582932	3.45906481582932	2.86401358704094	2.86401358704094	0.503943319942301	0.0155238335167213	1.17628724032488	0.0776927036466217
"ouwie_Afr_avgl_46"	"OUMVA"	22481.0494508132	-44950.0989016264	-44950.0528994358	-44917.0166461393	6	910	35	-27000	3.39119022817016	1.30457341026145	1.00201790185883e-09	0.000667911349110014	1.79175946922805	4.30526354613425e+48	-1.16523597226845e-24	0
"ouwie_Afr_avgl_46"	"OUMA"	22710.6197148096	-45411.2394296193	-45411.2065888968	-45383.6708833801	5	5.7e+09	3.2e+07	-120	3.43521754831705	1.37876425345537	1e-09	1e-09	1.79175946922805	7.18900190193708e+47	-5.83605114372487e-24	0
"ouwie_Afr_avgl_47"	"OUMA"	75296.9897054615	-150583.979410923	-150583.946570201	-150556.410864684	5	4.5e+09	8.6e+08	-150000	0.403085791909408	0.607941571424637	1e-09	1e-09	-417016.577375263	1822.59645420427	-0.711980183712803	0.00528624797395137
"ouwie_Afr_avgl_48"	"OUMVA"	22222.4205705103	-44432.8411410206	-44432.7951388301	-44399.7588855336	6	5.7e+09	880	34	3.34546196416071	2.20270325787723e-09	1.00341270911343e-09	0.0250733445063638	1.79175946922805	5.75686435632284e+81	2.33450866634668e-78	0.0472979663421347
"ouwie_Afr_avgl_48"	"OUMA"	178333.659141852	-356657.318283704	-356657.285442982	-356629.749737465	5	2.3e+09	4.2e+08	50000	0.116139190547701	0.319440791789656	1e-09	1e-09	-5920455.77127449	14766.7360328437	0.818684995503585	0.00700434108551226
"ouwie_Afr_avgl_49"	"OUMV"	-1780.78471826721	3571.56943653443	3571.60227725692	3599.13798277363	5	5.1e+09	1.1e+08	-1.6e+07	3.65101095998077	3.65101095998077	3.02316724781037	3.56036709250856	0.49384131403206	0.0155663623747455	1.14451103299441	0.0839519764964947
"ouwie_Afr_avgl_49"	"OUMA"	17357.931897896	-34705.8637957919	-34705.8309550694	-34678.2952495527	5	1.4e+10	1.4e+08	-54000	1.06378690538633	1.29138160733324	1e-09	1e-09	22305.1131773052	1548.71184482702	0.974976001639159	0.0120583621207373
"ouwie_Afr_avgl_49"	"OUMVA"	23924.2826598562	-47836.5653197125	-47836.5193175219	-47803.4830642255	6	5.1e+09	1.1e+08	-1.6e+07	1.55383163399706	1.78091350008631	1e-09	1.00002247488459e-09	50096.4472048654	0	1.93606496586918	0.0102836705905831
"ouwie_Afr_avgl_5"	"OUMVA"	23825.2242979664	-47638.4485959329	-47638.4025937423	-47605.3663404458	6	1300	210	26	2.82415098784484	7.71546799329481e-07	1.02245190179179e-09	0.0516782987146643	1.79175946922805	1.13411514014481e+67	-2.80386651908193e-74	0
"ouwie_Afr_avgl_5"	"OUMA"	24160.0078540474	-48310.0157080947	-48309.9828673722	-48282.4471618555	5	6e+09	1.7e+07	1500	3.32574779748436	1.51249316431903	1e-09	1e-09	1.79175946922805	1.85663136601977e+41	-1.33032776027734e-18	0
"ouwie_Afr_avgl_50"	"OUMA"	38841.1109228382	-77672.2218456765	-77672.189004954	-77644.6532994373	5	6.5e+12	2900000	-1.5e+11	0.000118472159149579	0.997771341233216	1.01230094914522e-09	1.01230094914522e-09	-12723.059769188	6.40764734745249e+39	1.79316796276301	1.23218527544936e+34
"ouwie_Afr_avgl_50"	"OUMVA"	42567.6863114999	-85123.3726229998	-85123.3266208093	-85090.2903675128	6	1400	150	27	4.49557964669913e-05	0.790028225260064	1.05702746712426e-09	6.23598050180001	2435.19244055742	0	0.675478967034964	2.44322262754036e+30
"ouwie_Afr_avgl_51"	"OUMA"	23511.7373967561	-47013.4747935122	-47013.4419527897	-46985.906247273	5	5.7e+09	2.3e+07	1800	3.43966978352905	1.46691599099398	1.00104456311784e-09	1.00104456311784e-09	1.79175946922805	2.02485645587901e+43	-9.79673679994698e-17	1.32564859892456e+27
"ouwie_Afr_avgl_52"	"OUMVA"	23241.8729617403	-46471.7459234806	-46471.69992129	-46438.6636679936	6	1500	95	20	3.18482726474307	0.988223121016948	1.03552310738917e-09	15.7281606734443	1.79175946922805	9.19283228595637e+48	1.068628920706e-34	0
"ouwie_Afr_avgl_52"	"OUMA"	23877.6693820099	-47745.3387640199	-47745.3059232974	-47717.7702177807	5	6e+09	4e+07	1100	3.35203119836304	1.40243587114287	1.01438028017266e-09	1.01438028017266e-09	1.79175946922805	7.78965339612698e+42	-1.69301746179454e-18	0
"ouwie_Afr_avgl_53"	"OUMVA"	23656.1403453372	-47300.2806906745	-47300.2346884839	-47267.1984351874	6	1700	60	2.2	3.33002796173739	1.45791796674819	1.00850107504066e-09	6.51980230268639	1.79175946922805	5.58688338853842e+37	9.36892901429692e-26	879331497383.161
"ouwie_Afr_avgl_53"	"OUMA"	23836.6392448268	-47663.2784896535	-47663.245648931	-47635.7099434143	5	5.9e+09	2.1e+07	2200	3.35953180963164	1.46655156853867	1.0019508469882e-09	1.0019508469882e-09	1.79175946922805	1.66428645567135e+38	-2.12428718732867e-26	0
"ouwie_Afr_avgl_54"	"OUMVA"	30224.6184677889	-60437.2369355778	-60437.1909333872	-60404.1546800908	6	1500	130	23	0.147097012160147	0.921015297962104	1.00159226545163e-09	1.34034793827281e-09	-1166260.5504156	3.46582551611083e+30	-0.13643984478541	1.49914068881924e+25
"ouwie_Afr_avgl_54"	"OUMA"	31465.4933594956	-62920.9867189912	-62920.9538782687	-62893.418172752	5	1e+07	730000	6700	9.51261807008501e-05	0.535854282725923	1e-09	1e-09	18315.268611892	0	2.14307774865964	0
"ouwie_Afr_avgl_55"	"OUMA"	23404.1131927908	-46798.2263855817	-46798.1935448592	-46770.6578393425	5	5.7e+09	9700000	1400	3.42467322311678	1.60201973993425	1e-09	1e-09	1.79175946922805	9.16032825516285e+37	3.47099320573562e-16	1.89789867134796e+22
"ouwie_Afr_avgl_55"	"OUMVA"	23494.6034362259	-46977.2068724518	-46977.1608702612	-46944.1246169647	6	1500	110	22	3.45996231791727	1.70342154817145	1.0024318671825e-09	6.03302057515399e-08	1.79175946922805	2.54006621908615e+36	4.52303532869964e-29	38576646.1961482
"ouwie_Afr_avgl_56"	"OUMA"	22563.999270464	-45117.998540928	-45117.9657002055	-45090.4299946888	5	5.8e+09	3.5e+07	85	3.41361198033327	1.17662245863619	1e-09	1e-09	1.79175946922805	8.11512736286401e+52	-1.95648256350533e-25	0
"ouwie_Afr_avgl_56"	"OUMVA"	22575.2389760522	-45138.4779521044	-45138.4319499138	-45105.3956966173	6	1200	240	25	3.43068093299424	1.18730695300924	1.00038346711888e-09	1.02000173113811e-09	1.79175946922805	1.18395292123516e+53	3.11610369699017e-25	1.00909422692912e+27
"ouwie_Afr_avgl_57"	"OUMVA"	41203.5288368688	-82395.0576737376	-82395.0116715471	-82361.9754182506	6	1700	59	2.2	7.01253199234296e-05	0.557530000139454	1.02108088614516e-09	1.0137784532337e-09	500.726545155611	6833762755743347712	4.83382765999649	2552397557373073
"ouwie_Afr_avgl_57"	"OUMA"	47688.9574700417	-95367.9149400834	-95367.8820993609	-95340.3463938442	5	3.4e+11	5.5e+08	-7.5e+07	4.04641422441578e-05	0.594786182287514	1e-09	1e-09	373.036297713333	70633298565821399040	1.73664220536476	64981324838573544
"ouwie_Afr_avgl_58"	"OUMA"	23432.1104017262	-46854.2208034523	-46854.1879627298	-46826.6522572131	5	5.9e+09	7700000	900	3.38247607923525	1.53238428040104	1.00193166172422e-09	1.00193166172422e-09	1.79175946922805	3.17396342878984e+44	-2.1170740238669e-35	0
"ouwie_Afr_avgl_58"	"OUMVA"	23975.7472060295	-47939.494412059	-47939.4484098684	-47906.412156572	6	1500	160	26	3.26249477131345	6.04418403903335e-09	1.00075301419662e-09	1.22160181037248e-07	1.79175946922805	1.71691719692428e+82	-1.22813577140328e-75	0
"ouwie_Afr_avgl_59"	"OUMVA"	22882.4089388353	-45752.8178776706	-45752.77187548	-45719.7356221835	6	1500	140	25	3.28781104611803	1.66092567718833	1.02064202813103e-09	0.130094761088233	1.79175946922805	3.13981415684075e+35	-8.63934236460319e-55	0
"ouwie_Afr_avgl_59"	"OUMA"	23092.2283302612	-46174.4566605223	-46174.4238197998	-46146.8881142831	5	6.2e+09	7800000	2100	3.27568324353541	1.70242194674199	1e-09	1e-09	1.79175946922805	1.45074284711687e+34	-9.50408175066242e-51	0
"ouwie_Afr_avgl_6"	"OUMA"	17999.4133373667	-35988.8266747334	-35988.7938340109	-35961.2581284942	5	2.5e+16	1e+13	-1.4e+13	3.12903036495446	3.30289239202215	1e-09	1e-09	-1.22959925275861e-09	0	1.85584530724134	0.0313556362985469
"ouwie_Afr_avgl_6"	"OUMVA"	23976.4491778174	-47940.8983556349	-47940.8523534443	-47907.8161001479	6	5.9e+09	880	35	2.23031231490796	2.83937946722145e-09	1.00920267171762e-09	90.9287635672424	1.79175946922805	2.84047953526004e+32	1.69749788308253e-75	6.8369344429859e-51
"ouwie_Afr_avgl_60"	"OUMVA"	23571.08126892	-47130.16253784	-47130.1165356494	-47097.0802823529	6	1400	200	29	3.20250808773105	1.59129118544368	1.0027192816291e-09	35.5069479101792	1.94591014905531	9799276.64784549	7.30741024801704e-77	3.6798890552261e-70
"ouwie_Afr_avgl_60"	"OUMA"	23829.947496019	-47649.894992038	-47649.8621513155	-47622.3264457988	5	6.4e+09	2400000	320	3.21397926184814	1.73169903682335	1e-09	1e-09	1.94591014905531	1036653.37249575	1.09711954765365e-70	5.84473378515605e-65
"ouwie_Afr_avgl_61"	"OUMA"	23430.6751407771	-46851.3502815542	-46851.3174408317	-46823.781735315	5	6.1e+09	8300000	1400	3.28863039611282	1.68957782173562	1e-09	1e-09	1.79175946922805	7.27221840109686e+36	-1.22047374007194e-55	0
"ouwie_Afr_avgl_61"	"OUMVA"	24219.9863825181	-48427.9727650361	-48427.9267628455	-48394.8905095491	6	1400	150	26	2.51125790134137	2.48859333361517e-07	1.00117546700245e-09	1.17017823244016e-07	1.79175946922805	5.6135909599825e+60	2.8139303926447e-63	7.34282572981022e-08
"ouwie_Afr_avgl_62"	"OUMVA"	22156.8895174155	-44301.7790348309	-44301.7330326404	-44268.6967793439	6	1400	200	32	2.72468667574042	0.670125845492272	1e-09	0.0021666912116135	1.79175946922805	2.18674696874523e+54	2.7325645093978e-28	6.75280695506886e+26
"ouwie_Afr_avgl_62"	"OUMA"	22788.6863419258	-45567.3726838516	-45567.3398431291	-45539.8041376124	5	2.7e+08	1.1e+07	-440	3.14552197106337	0.87322164480423	1.00002834311927e-09	1.00002834311927e-09	1.79175946922805	3.83173108070799e+60	-1.88341006540245e-26	0
"ouwie_Afr_avgl_63"	"OUMVA"	18189.04813714	-36366.09627428	-36366.0502720895	-36333.014018793	6	1300	210	25	3.35086699938842	3.41491279940624	1e-09	0.00876255781349808	0.081164079914595	1.16098596137431e-05	1.25872015681819	0.0808763174473107
"ouwie_Afr_avgl_63"	"OUMA"	19878.6576541569	-39747.3153083137	-39747.2824675912	-39719.7467620745	5	1.5e+14	-7.6e+13	-6.2e+15	3.02560039991124	3.2325902259777	1e-09	1e-09	7481586.51496711	0	-0.210238840435289	0.0120517964823031
"ouwie_Afr_avgl_64"	"OUMA"	23076.4832155693	-46142.9664311387	-46142.9335904162	-46115.3978848995	5	5.9e+09	1e+08	180	3.35392583974653	1.16437182557319	1e-09	1e-09	1.79175946922805	9.72403848661875e+50	3.47384055963854e-25	1.42683283439491e+24
"ouwie_Afr_avgl_64"	"OUMVA"	23130.0894495286	-46248.1788990571	-46248.1328968665	-46215.0966435701	6	1400	210	28	3.3719061776331	1.76833192762831	1.00091883663229e-09	1.60244724812001e-06	1.79175946922805	1.06251103451445e+36	-2.02498225027335e-44	0
"ouwie_Afr_avgl_65"	"BMS"	-2017.84641292291	4041.69282584583	4041.70594777038	4058.23395358935	3	2.3e+07	-3900000	0	0	0	0.0803724798972355	0.0830276758440364	1.02195973702935	1.12700871246916	1.02195973702935	1.12700871246916
"ouwie_Afr_avgl_65"	"OUMA"	23640.778260688	-47271.556521376	-47271.5236806536	-47243.9879751368	5	4e+07	190	-5.1e+08	3.40284542891667	1.28389869506562	1.00033028517569e-09	1.00033028517569e-09	1.79175946922805	2.61393773508235e+47	5.77023137668873e-23	3.22773486066668e+23
"ouwie_Afr_avgl_66"	"OUMVA"	22754.7586105406	-45497.5172210812	-45497.4712188906	-45464.4349655942	6	1400	200	27	3.36857851816233	1.59034259877639	1e-09	7.73871758225246e-06	1.79175946922805	3.00362346017839e+20	-7.54019011044379e-30	0
"ouwie_Afr_avgl_66"	"OUMA"	567850.257188975	-1135690.51437795	-1135690.48153723	-1135662.94583171	5	4.9e+10	8.3e+09	310000	0.410474723153024	0.634613108217514	1e-09	1e-09	368452873.240555	0	0.800025908855231	0.0851260514855915
"ouwie_Afr_avgl_67"	"OUMA"	28179.4554466624	-56348.9108933249	-56348.8780526024	-56321.3423470857	5	7.1e+08	1600000	-2800	0.000965841401403332	0.689778231752746	1e-09	1e-09	-25899.5053915015	1.80146490799747e+26	1.79958104325753	3.87509790402173e+20
"ouwie_Afr_avgl_68"	"OUMA"	17976.2560173889	-35942.5120347777	-35942.4791940552	-35914.9434885385	5	1e+15	-1.4e+14	-8.2e+15	3.03775175508301	3.2398440425655	1e-09	1e-09	-1159779.25849488	635089.329837774	2.01028558445999	1.15113121791615e-05
"ouwie_Afr_avgl_68"	"OUMVA"	23815.9309152139	-47619.8618304278	-47619.8158282372	-47586.7795749407	6	1400	210	25	2.45902709524432	1.14438552078877e-09	1.00512747066794e-09	96.8732599801977	1.94591014905531	5987613843841825792	5.5200923604717e-124	1.69854612520994e-105
"ouwie_Afr_avgl_69"	"OUMVA"	14646.3578147117	-29280.7156294234	-29280.6696272329	-29247.6333739364	6	5.7e+09	880	36	0.00531217615554461	0.151217850775787	1e-09	1.56220637426322e-06	0.473137838553367	0.000146504927605892	1.32982437172343	0.0691829713814483
"ouwie_Afr_avgl_69"	"OUMA"	22672.2307057938	-45334.4614115877	-45334.4285708652	-45306.8928653485	5	5.9e+09	2600000	-76	3.36834073257818	1.68530438815516	1e-09	1e-09	1.79175946922805	1.18385348170668e+45	-2.48435868254526e-53	0
"ouwie_Afr_avgl_7"	"OUMA"	24593.0027288467	-49176.0054576934	-49175.9726169709	-49148.4369114542	5	1e+07	990000	4900	5.12981786138741e-06	0.417002997724567	1e-09	1e-09	-759656.237170529	0	1.17657491885341	0
"ouwie_Afr_avgl_70"	"OUMV"	-1795.22287763697	3600.44575527395	3600.47859599644	3628.01430151315	5	880	36	-5.4e+08	3.25280885049117	3.25280885049117	2.71623106877072	3.84998852322672	0.507936302282539	0.0156230518467805	1.12899913623895	0.0914698624380576
"ouwie_Afr_avgl_70"	"OUMVA"	22648.2730241339	-45284.5460482678	-45284.5000460772	-45251.4637927807	6	880	36	-5.4e+08	2.62229999853416	5.11549344020066e-07	1e-09	2.4942872418632e-06	1.79175946922805	1.7240645563961e+67	-2.54905299503931e-68	0
"ouwie_Afr_avgl_70"	"OUMA"	23163.8254845455	-46317.650969091	-46317.6181283685	-46290.0824228518	5	6.1e+09	2.1e+07	240	3.30988491501339	1.58888147934076	1.02339523135953e-09	1.02339523135953e-09	1.79175946922805	2.57724367753955e+42	-5.97007886686233e-30	0
"ouwie_Afr_avgl_71"	"OUMA"	22418.4479176942	-44826.8958353884	-44826.8629946659	-44799.3272891492	5	5.7e+09	6400000	1400	3.42706116106512	1.3937364590876	1e-09	1e-09	1.79175946922805	7.04516254043435e+54	-3.85625881201506e-26	0
"ouwie_Afr_avgl_71"	"OUMVA"	22452.3507846129	-44892.7015692257	-44892.6555670352	-44859.6193137387	6	1400	180	29	3.45336851461997	1.35227961109595	1.00035778245006e-09	1e-09	1.79175946922805	6.88842825140982e+56	-9.63527501825854e-22	0
"ouwie_Afr_avgl_72"	"OUMVA"	22352.7335063914	-44693.4670127829	-44693.4210105923	-44660.3847572958	6	1500	67	17	2.83188341588655	1.05200331298598	1.00010085534743e-09	1.06723163691188e-09	1.72276660227535	1.98310457342133e+27	2.65308746604274e-84	3.05401200629164e-57
"ouwie_Afr_avgl_72"	"OUMA"	23014.0599395106	-46018.1198790212	-46018.0870382987	-45990.551332782	5	6e+09	5e+07	1300	3.34752527277013	1.27334496419383	1.00707781883298e-09	1.00707781883298e-09	1.72276674928201	3.82320687283611e+32	2.85566052368834e-98	6.33735264697342e-66
"ouwie_Afr_avgl_73"	"OUMVA"	22802.8509488253	-45593.7018976505	-45593.6558954599	-45560.6196421635	6	1500	150	32	1.23505670282286	5.85417293028183e-09	1e-09	0.407108977668024	1.79175946922805	159077454970819	2.16403923054791e-58	1.28827369087032e-46
"ouwie_Afr_avgl_73"	"OUMA"	23476.4399959826	-46942.8799919651	-46942.8471512426	-46915.3114457259	5	6.2e+09	1500000	220	3.25816056510592	1.78464261000308	1e-09	1e-09	1.79175946922805	436246491687848896	3.9428237737858e-26	3.93467027809832e-11
"ouwie_Afr_avgl_74"	"OUMA"	23179.5915638493	-46349.1831276985	-46349.150286976	-46321.6145814593	5	6.1e+09	3100000	1400	3.30695737617446	1.65200293255622	1e-09	1e-09	1.79175946922805	2.47423043041338e+38	-1.42087132116571e-38	0
"ouwie_Afr_avgl_75"	"OUMVA"	23096.4778283921	-46180.9556567843	-46180.9096545937	-46147.8734012973	6	5.8e+09	880	36	3.35440894749093	1.1827050749807	1.00679463216493e-09	2.60486292516762e-06	1.79175946922805	4.46319891726742e+51	3.01661647077851e-28	3.36402130104455e+23
"ouwie_Afr_avgl_75"	"OUMA"	23207.3902284696	-46404.7804569391	-46404.7476162166	-46377.2119106999	5	6e+09	3.7e+07	1000	3.34723470461855	1.23830757164175	1e-09	1e-09	1.79175946922805	1.0317658421741e+50	1.26090470403243e-24	2.24548002064864e+26
"ouwie_Afr_avgl_76"	"OUMA"	23299.181909242	-46588.363818484	-46588.3309777615	-46560.7952722448	5	7.8e+08	400	-5.6e+08	3.2127063488743	1.07057085763185	1e-09	1e-09	1.79175946922805	4.66787634022666e+45	3.53497196434812e-25	1836281539848832
"ouwie_Afr_avgl_76"	"OUMVA"	23483.805500595	-46955.61100119	-46955.5649989994	-46922.5287457029	6	1300	190	27	3.26192707871772	1.33187425467152	1.00001695451186e-09	1.00001017267262e-09	1.79175946922805	4.55849851608165e+40	5.3390371072469e-23	62280648640074
"ouwie_Afr_avgl_77"	"OUMVA"	22993.093103631	-45974.1862072621	-45974.1402050715	-45941.103951775	6	1400	200	30	3.30196251580491	0.824935413528326	1.00000656270666e-09	3.53782132726772	1.79175946922805	2.83241025396569e+63	-2.13979235214825e-35	3.05168274812981e+28
"ouwie_Afr_avgl_77"	"OUMA"	23401.9029145875	-46793.8058291751	-46793.7729884526	-46766.2372829359	5	4.7e+09	1500	-5.2e+08	3.35709589055708	0.973575189951674	1.01786504792415e-09	1.01786504792415e-09	1.79175946922805	7.435741591787e+60	1.7858433134143e-29	0
"ouwie_Afr_avgl_78"	"OUMA"	18786.4310042306	-37562.8620084613	-37562.8291677388	-37535.2934622221	5	7.8e+07	1.6e+07	24000	0.22462690487275	0.423509006531351	1e-09	1e-09	5647887.98649563	59101.5927127903	1.88740661638827	0.0105971806030058
"ouwie_Afr_avgl_79"	"OUMVA"	22468.4874805679	-44924.9749611357	-44924.9289589451	-44891.8927056487	6	5.7e+09	880	35	3.3807376623655	1.0420714976796	1e-09	1.48990108541547	1.79175946922805	1.64666339694007e+54	9.38972790297036e-26	3.80983562459292e+24
"ouwie_Afr_avgl_79"	"OUMA"	22810.198099915	-45610.3961998301	-45610.3633591076	-45582.8276535909	5	5.9e+09	1.3e+09	1600	3.36865182331589	1.0438331451063	1e-09	1e-09	1.79175946922805	7.36644545914423e+53	2.16202359759854e-25	3.78592081727128e+24
"ouwie_Afr_avgl_8"	"OU1"	-1824.29588941378	3654.59177882756	3654.60490075211	3671.13290657108	3	6.9e+09	-7.7e+09	0	3.23561396193147	3.23561396193147	2.82435252425013	2.82435252425013	0.527537024065717	0.015632604518277	0.527537024065717	0.015632604518277
"ouwie_Afr_avgl_8"	"OUMA"	23195.3738726558	-46380.7477453116	-46380.7149045891	-46353.1791990724	5	6.3e+09	4.5e+07	1200	3.22736396074706	1.20702914791468	1e-09	1e-09	1.79175946922805	2.42893197755855e+36	-1.08263825707293e-22	0
"ouwie_Afr_avgl_8"	"OUMVA"	23426.2530468488	-46840.5060936976	-46840.460091507	-46807.4238382106	6	6.2e+09	880	36	1.36469441304126	6.84947014935828e-09	1e-09	27.4719074364188	1.79175946922805	1.48849773429273e+23	-9.08356876071546e-50	0
"ouwie_Afr_avgl_80"	"OUMA"	19062.2697518527	-38114.5395037054	-38114.5066629829	-38086.9709574662	5	5.9e+08	6e+05	-2.8e+09	0.430524164261191	0.641081423586594	1e-09	1e-09	114273.364603544	803.747618872047	1.30057452974676	0.0136386351762203
"ouwie_Afr_avgl_81"	"OUMVA"	23247.1311764467	-46482.2623528934	-46482.2163507029	-46449.1800974064	6	1300	210	25	3.37719609463177	1.53773701688328	1e-09	1.0496617325538e-09	1.79175946922805	9.27867497624735e+51	-5.29706257935273e-32	2.9115845336381e+28
"ouwie_Afr_avgl_81"	"OUMA"	23278.5160064476	-46547.0320128952	-46546.9991721727	-46519.463466656	5	6e+09	1.8e+07	900	3.33451286678489	1.38609800035051	1.00025889394614e-09	1.00025889394614e-09	1.79175946922805	2.18566967865994e+55	2.96421739060749e-24	2.78568172958414e+31
"ouwie_Afr_avgl_82"	"OUMA"	23344.4830295255	-46678.9660590509	-46678.9332183284	-46651.3975128117	5	2.3e+07	1e+07	4900	3.23954242190158	1.62042315472101	1.00016540479396e-09	1.00016540479396e-09	1.79175946922805	2.40984547552698e+30	-1.10795237292102e-31	8929558.77384841
"ouwie_Afr_avgl_82"	"OUMVA"	23455.6826153788	-46899.3652307575	-46899.3192285669	-46866.2829752705	6	5.8e+09	880	34	3.33166694626041	1.59911924706052	1.00250853126689e-09	1.25349594444448e-09	1.79175946922805	7.05523337646222e+32	-1.16516338816033e-44	0
"ouwie_Afr_avgl_83"	"OUMA"	43567.8707497829	-87125.7414995659	-87125.7086588434	-87098.1729533267	5	2.5e+10	9.6e+08	11000	0.000122559686482477	0.981551107350271	1.0001440215563e-09	1.0001440215563e-09	1.36228397600334e-06	0	1.48971200185358	7.71495269443692e+33
"ouwie_Afr_avgl_84"	"OUM"	-1840.68861159165	3689.37722318329	3689.39910502137	3711.43206017465	4	8.6e+10	-7.9e+09	0	3.49192619644071	3.49192619644071	3.0846156747327	3.0846156747327	0.492699176096462	0.0160229783274549	1.17667940823679	0.0776706461406175
"ouwie_Afr_avgl_84"	"OUMA"	24145.7134163941	-48281.4268327882	-48281.3939920657	-48253.858286549	5	5.7e+08	2800000	3100	1.80923376024905	2.13645714005503e-08	1e-09	1e-09	1.79175946922805	8.55866773377473e+38	2.78591549965554e-48	4.59597458352438e-15
"ouwie_Afr_avgl_84"	"OUMVA"	24239.8905085257	-48467.7810170513	-48467.7350148608	-48434.6987615643	6	5.4e+09	880	38	1.92646077812716	1.03884867779507e-07	1.0001807421396e-09	25.9509610337336	1.79175946922805	5.63706566719815e+41	4.27090191362584e-49	0
"ouwie_Afr_avgl_85"	"OUMVA"	22321.1294388328	-44630.2588776657	-44630.2128754751	-44597.1766221786	6	1500	140	25	3.50653756906287	0.918635400548964	1.00317529672802e-09	0.0179427232350296	1.79175946922805	2.66189699945052e+48	-1.95798865548787e-33	62127877570437734400
"ouwie_Afr_avgl_85"	"OUMA"	22540.4506442483	-45070.9012884966	-45070.8684477741	-45043.3327422574	5	5.5e+09	2.9e+07	1300	3.49565457064267	1.28574619141359	1e-09	1e-09	1.79175946922805	4.29684142222436e+40	-3.66870559439472e-47	0
"ouwie_Afr_avgl_86"	"OUMA"	23101.3002496135	-46192.6004992271	-46192.5676585046	-46165.0319529879	5	5.8e+09	1.1e+07	2000	3.40698368852367	1.61732387372115	1e-09	1e-09	1.79175946922805	3.82957379951272e+44	-2.40164035469108e-31	0
"ouwie_Afr_avgl_86"	"OUMVA"	23139.8100906732	-46267.6201813464	-46267.5741791559	-46234.5379258594	6	1300	230	28	3.43308676379971	1.61803661380635	1e-09	1e-09	1.79175946922805	1.92267017542663e+45	-1.53441389435904e-30	0
"ouwie_Afr_avgl_87"	"OUMA"	18712.1333232918	-37414.2666465835	-37414.233805861	-37386.6981003443	5	3e+15	-1.1e+15	-3e+16	2.87284111242591	3.10350946286782	1e-09	1e-09	3646689.00239144	73152.1124097821	-15.4433129999908	0
"ouwie_Afr_avgl_87"	"OUMVA"	23320.5845112599	-46629.1690225198	-46629.1230203292	-46596.0867670327	6	1500	110	22	2.84227683030221	4.4483440998949e-08	1.00035640182905e-09	91.4972025910519	1.79175946922805	6.19484532514243e+34	-8.04495182346702e-94	0
"ouwie_Afr_avgl_88"	"OUM"	-1779.8742039155	3567.74840783101	3567.77028966908	3589.80324482237	4	5.5e+09	-320000	0	3.46750390026989	3.46750390026989	2.87202232397115	2.87202232397115	0.505856545567706	0.0155264620751644	1.16596117523134	0.0762776876106179
"ouwie_Afr_avgl_88"	"OUMA"	23387.8733224811	-46765.7466449622	-46765.7138042397	-46738.178098723	5	5.7e+09	8.3e+07	650	3.42433435263619	1.15998399668729	1e-09	1e-09	1.94591014905531	9314534.84783529	2.62896488573636e-101	1.25841293616844e-94
"ouwie_Afr_avgl_89"	"OUMA"	23238.4753713811	-46466.9507427621	-46466.9179020396	-46439.3821965229	5	6e+09	7.2e+07	800	3.34638372914536	1.19666267268679	1e-09	1e-09	1.79175946922805	2.48817526590155e+41	-1.59298023314656e-17	0
"ouwie_Afr_avgl_89"	"OUMVA"	23493.5380398506	-46975.0760797013	-46975.0300775107	-46941.9938242142	6	5.7e+09	880	36	2.88804299423255	1.75619414828243e-07	1.00059913693643e-09	0.00425338897433043	1.79175946922805	2.15137413991837e+57	-1.13386720711108e-74	5.96540733904308e-15
"ouwie_Afr_avgl_9"	"OUMVA"	27936.4171492971	-55860.8342985941	-55860.7882964036	-55827.7520431071	6	1300	220	26	0.0107553652658091	0.405929030038973	1.02475931429729e-09	1.09660925949669e-09	-537968.481680333	21546539229753	1.57940892051611	39916411.9146635
"ouwie_Afr_avgl_9"	"OUMA"	43876.6151844054	-87743.2303688108	-87743.1975280883	-87715.6618225716	5	1.6e+09	1.7e+08	120000	2.36890082082336e-05	0.504765748625304	1e-09	1e-09	-206.229332040654	3571455885845052	1.80015459600588	846784458394.496
"ouwie_Afr_avgl_90"	"OUMVA"	13402.4080398192	-26792.8160796384	-26792.7700774478	-26759.7338241514	6	1500	130	24	0.00653259259783515	0.531348559276808	0.0137044264580498	0.0213814715269278	1.1133335538996e-07	0	1.2218659286503	1297961373710406912
"ouwie_Afr_avgl_90"	"OUMA"	32049.0825120611	-64088.1650241222	-64088.1321833997	-64060.596477883	5	1.8e+08	4200000	40000	0.0116971385843298	0.493987259918856	1.01323465407068e-09	1.01323465407068e-09	1000.38516671614	0	0.917636021496022	490146358293.287
"ouwie_Afr_avgl_91"	"OUMVA"	23098.4221644196	-46184.8443288393	-46184.7983266487	-46151.7620733522	6	1400	160	24	3.24741313979293	1.34410121247721	1.00009238632529e-09	0.00416070967878128	1.79175946922805	1.1654926231786e+41	-1.06366380873906e-18	0
"ouwie_Afr_avgl_91"	"OUMA"	23300.7344604171	-46591.4689208342	-46591.4360801117	-46563.900374595	5	6.3e+09	1e+07	1600	3.23899653802002	1.38540604960265	1.00002983827087e-09	1.00002983827087e-09	1.79175946922805	7.34654630066451e+39	1.03924437271779e-17	92924974409527328778
"ouwie_Afr_avgl_92"	"OUMA"	22731.4406093766	-45452.8812187532	-45452.8483780307	-45425.312672514	5	6.1e+09	3.6e+09	1200	3.28741774622684	1.02276108314805	1e-09	1e-09	1.31313150813246	2.00807459192079e+41	-2.75583348150264e-27	0
"ouwie_Afr_avgl_93"	"OUMVA"	23024.1014397022	-46036.2028794045	-46036.1568772139	-46003.1206239174	6	1500	99	31	3.26910662729131	0.939187465670621	1.00721787559301e-09	0.000153725606552121	1.79175946922805	1.0455959119993e+64	6.39935131030698e-29	2.64974640603551e+35
"ouwie_Afr_avgl_93"	"OUMA"	23166.1715362297	-46322.3430724594	-46322.3102317369	-46294.7745262202	5	6.2e+09	4.1e+09	3900	3.2768592732421	0.964508686544629	1.00006380304275e-09	1.00006380304275e-09	1.79175946922805	3.14188778821506e+63	1.09320312148665e-26	0
"ouwie_Afr_avgl_94"	"OUMV"	-2016.9442533275	4043.888506655	4043.9213473775	4071.4570528942	5	7.9e+10	3.2e+09	-2.1e+10	3.36734370193503	3.36734370193503	3.63056735762887	3.27776582530476	0.497933902389831	0.0177487397010325	1.13609755290916	0.0823066034869782
"ouwie_Afr_avgl_94"	"OUMVA"	17327.1105988801	-34642.2211977603	-34642.1751955697	-34609.1389422732	6	7.9e+10	3.2e+09	-2.1e+10	3.95667845718834e-09	0.417448399425187	0.148633059264147	0.00760877495168185	123068.854372045	294854972741262208	1.0391599583582	0
"ouwie_Afr_avgl_94"	"OUMA"	51322.1939509765	-102634.387901953	-102634.35506123	-102606.819355714	5	5.4e+08	1.1e+07	11000	1.27039051013911	3.14499853495902	1.00554668986842e-09	1.00554668986842e-09	-5.99021587514478e-06	0	1.44115965013742	1.32276801711129e+75
"ouwie_Afr_avgl_95"	"OUMA"	22307.8242881254	-44605.6485762509	-44605.6157355284	-44578.0800300117	5	5.6e+09	2.6e+08	560	3.49149662751964	0.951067625313947	1e-09	1e-09	1.79175946922805	9.98745022030127e+57	-5.70819892423521e-21	0
"ouwie_Afr_avgl_95"	"OUMVA"	22532.3782859626	-45052.7565719253	-45052.7105697347	-45019.6743164382	6	5.4e+09	880	35	3.48242526712561	0.832427360802033	1.00268813087379e-09	5.84655327569714e-07	1.79175946922805	5.18096544713353e+60	-3.25218763099949e-26	0
"ouwie_Afr_avgl_96"	"OUMV"	-1808.72717610904	3627.45435221807	3627.48719294057	3655.02289845727	5	6.4e+09	8.3e+08	-8.3e+09	3.40185859655361	3.40185859655361	2.89510622188949	3.60063145479716	0.489904320933597	0.0157278631357316	1.09522617093202	0.0872224716081404
"ouwie_Afr_avgl_96"	"OUMA"	22355.7140040489	-44701.4280080978	-44701.3951673753	-44673.8594618586	5	5.8e+09	2.2e+08	1400	3.40076369289661	0.921881262672974	1e-09	1e-09	1.79175946922805	6.14718336028984e+65	4.03215730731725e-25	0
"ouwie_Afr_avgl_96"	"OUMVA"	23358.2221087583	-46704.4442175166	-46704.398215326	-46671.3619620296	6	6.4e+09	8.3e+08	-8.3e+09	3.10512389052899	1.30987971550756e-09	1.00101925807403e-09	82.0069038495886	1.79175946922805	4.68688993403385e+83	-5.39443443882943e-70	0
"ouwie_Afr_avgl_97"	"OUMVA"	21143.9501438221	-42275.9002876443	-42275.8542854537	-42242.8180321572	6	1600	120	26	3.11434034033357	0.0049909753160482	1.00030688613543e-09	8.03064441292748e-07	1.79175946922805	4.11441666726621e+23	1.0514261942643e-125	4.36803209037896e-107
"ouwie_Afr_avgl_98"	"OUMVA"	22645.0331079936	-45278.0662159872	-45278.0202137966	-45244.9839605002	6	5.7e+09	880	36	3.36626058934483	0.895924540625318	1e-09	1.44006230486356e-09	1.94591014901405	4118230219175651	-7.96600937322093e-36	1.45863298894069e-20
"ouwie_Afr_avgl_98"	"OUMA"	2294718.56970239	-4589427.13940478	-4589427.10656406	-4589399.57085854	5	5.7e+10	1.2e+10	-640000	0.218793071174931	0.420321330181015	1e-09	1e-09	-12573468.3354436	0	163.486740441744	0
"ouwie_Afr_avgl_99"	"OUMA"	23569.4199349956	-47128.8398699912	-47128.8070292687	-47101.271323752	5	5.9e+09	7300000	1300	3.35668278509382	1.61008647404035	1.02540206942105e-09	1.02540206942105e-09	1.79175946922805	3.80144893340934e+40	-1.533921509247e-41	0
"ouwie_Afr_avgl_99"	"OUMVA"	24127.8369066526	-48243.6738133051	-48243.6278111146	-48210.5915578181	6	1500	130	28	3.21906348536519	5.61555861174581e-08	1.00143424908405e-09	0.334209786238026	1.79175946922805	8.56081580697193e+78	3.21896994080925e-75	0.129811472802472
