"id"	"model"	"loglik"	"AIC"	"AICc"	"BIC"	"param.count"	"eigval1"	"eigval2"	"eigval3"	"X0_alpha"	"X1_alpha"	"sigma0"	"X1_sigma.sq"	"theta0"	"theta_se0"	"theta_1"	"theta_se_1"
"ouwie_Afr_BM_1"	"OUMA"	15610.3813810364	-31210.7627620729	-31210.7299213504	-31183.1942158337	5	8500000	610000	-240	0.00919182296524353	0.233468968912239	1e-09	1e-09	-50948863.6948369	0	1.23285903552536	0.101391795431009
"ouwie_Afr_BM_10"	"OUMA"	46877.8608559004	-93745.7217118007	-93745.6888710782	-93718.1531655615	5	1e+10	27000	-8.6e+09	3.00103287541446e-05	0.642924600154159	1.09705734613825e-09	1.09705734613825e-09	3484.27751001018	0	18.5684410861717	4721655980946886656
"ouwie_Afr_BM_100"	"OUMA"	15560.676078935	-31111.3521578699	-31111.3193171474	-31083.7836116307	5	3900000	-4.6	-29000	0.208278829675561	0.433159208103453	1e-09	1e-09	-5.78396705461089e-14	3.30547997061429e-14	-0.551486248003318	0.227564627589821
"ouwie_Afr_BM_101"	"OUMA"	104640.097368089	-209270.194736177	-209270.161949292	-209242.618013322	5	1.3e+12	2.3e+10	380000	0.805558800162428	1.03522864557287	1e-09	1e-09	-668409003.079576	0	4.08413079164021	0.099969727734849
"ouwie_Afr_BM_11"	"OUM"	-1260.2362683822	2528.47253676439	2528.49441860247	2550.52737375575	4	920	13	0	0.00834594388487117	0.00834594388487117	0.0369168384336626	0.0369168384336626	1.44291920450287	0.416480511168203	-0.0785212671796241	1.01602695528332
"ouwie_Afr_BM_11"	"OUMV"	-1259.31213205867	2528.62426411733	2528.65710483983	2556.19281035653	5	890	29	9.9	0.00764843422939181	0.00764843422939181	0.0369683250035129	0.0277860583466747	1.48749873662855	0.43927445428665	-0.314288876460307	1.03527816552354
"ouwie_Afr_BM_11"	"OUMVA"	-1258.35877589056	2528.71755178113	2528.76355397171	2561.79980726817	6	890	29	9.9	0.00842125511817821	0.00431147541747572	0.0372343516491217	0.041136472417075	1.45277202516224	0.414984065422513	-2.75518308375103	2.3226152787997
"ouwie_Afr_BM_11"	"OUMA"	15010.3289454624	-30010.6578909249	-30010.6250502024	-29983.0893446857	5	4900000	47000	2200	5.03146348344315e-07	0.219277392224276	1e-09	1e-09	20650.6086187022	0	4.0348093353526	0.145381164115439
"ouwie_Afr_BM_12"	"OUMA"	22758.1891105029	-45506.3782210057	-45506.3453802832	-45478.8096747665	5	5.1e+07	430	-5.3e+08	3.32234182293844	1.22456764843319	1.00119972215949e-09	1.00119972215949e-09	2.19175874695821	2.84430406425593e+49	3.04412282465088e-25	5.04180117604475e+24
"ouwie_Afr_BM_13"	"OUMA"	23747.7643617019	-47485.5287234038	-47485.4958826813	-47457.9601771646	5	6e+08	2.8e+07	28000	6.64475888549422e-06	0.466918144728741	1e-09	1e-09	-367.761100261166	33774149168660508	0.480403443737272	797979483430.51
"ouwie_Afr_BM_14"	"OUMA"	16445.4058379816	-32880.8116759631	-32880.7788352406	-32853.2431297239	5	74000	6300	-150000	2.62121778129191e-08	0.210212017479237	1e-09	1e-09	-409711.287555636	0	1.76484212812233	0.300961365091624
"ouwie_Afr_BM_15"	"OUMVA"	-1387.35632548158	2786.71265096315	2786.75865315373	2819.79490645019	6	890	31	15	0.0108531751840133	0.00522337675749819	0.042659189816537	0.0537955809215308	0.938240956997855	0.353796227919501	-1.52005106841119	2.29385757292019
"ouwie_Afr_BM_15"	"OUMA"	14905.4903680309	-29800.9807360617	-29800.9478953392	-29773.4121898225	5	4100000	85000	-1100	2.35983742578004e-05	0.224003646907961	1e-09	1e-09	29361.4063531978	0	-2.31927216705537	0.151551211995269
"ouwie_Afr_BM_16"	"OUMA"	22823.1943275516	-45636.3886551031	-45636.3558143806	-45608.8201088639	5	2.2e+07	1300	-5.3e+08	3.31194597263192	1.38674214819089	1e-09	1e-09	3.31397539957051	4.61280419430421e+53	1.86124055828235e-49	1653931337554295040
"ouwie_Afr_BM_17"	"OUMA"	14477.3008738541	-28944.6017477082	-28944.5689069857	-28917.033201469	5	6e+05	7700	-4700	0.00133069891740264	0.222614046178007	1e-09	1e-09	-242412.299749963	0	0.667566716255275	0.144169115979378
"ouwie_Afr_BM_18"	"OUMA"	443308.295040618	-886606.590081235	-886606.557240513	-886579.021534996	5	4.3e+09	5e+08	-5100	0.0380093053204776	0.264759358828312	1e-09	1e-09	177778647.899939	0	5248.97669331898	0
"ouwie_Afr_BM_19"	"OUMA"	23252.9272668885	-46495.8545337769	-46495.8216930544	-46468.2859875377	5	6e+09	4.5e+09	940	3.31810244551106	0.96630781244322	1e-09	1e-09	2.09872500582714	1.56380209298081e+63	5.20824254388739e-26	3.79324398502152e+37
"ouwie_Afr_BM_2"	"OUMVA"	15419.3435404096	-30826.6870808192	-30826.6410786286	-30793.6048253322	6	900	44	23	0.136568186871587	0.165906358129056	1e-09	66.1431352248452	1.27512720077452	2.34386197929079e-05	0.664921835886154	9.25513586017844
"ouwie_Afr_BM_2"	"OUMA"	15934.260401541	-31858.5208030819	-31858.4879623594	-31830.9522568427	5	1.3e+07	2e+06	4200	0.135194208580005	0.352685614374696	1e-09	1e-09	-180763208.145071	19100903.8693128	0.661021098334698	0.402971272980865
"ouwie_Afr_BM_20"	"OUMA"	40207.6468044557	-80405.2936089114	-80405.2607681889	-80377.7250626722	5	8.5e+08	1.7e+08	-6200000	0.117445652508107	0.322588746122819	1e-09	1e-09	-29870930.6882519	0	-9.15029117462922	0.0450811040775449
"ouwie_Afr_BM_21"	"OUMA"	23324.9480956587	-46639.8961913175	-46639.863350595	-46612.3276450783	5	6.3e+09	6400000	2100	3.22725107495024	1.73697835432885	1e-09	1e-09	0.517151406598906	1.39790476390136e+35	-4.49888955680226e-52	0
"ouwie_Afr_BM_22"	"OUMA"	41092.4865617523	-82174.9731235047	-82174.9402827822	-82147.4045772655	5	1.3e+09	1.4e+08	52000	9.47444694540573e-06	0.688309831298346	1.01763526839909e-07	1.01763526839909e-07	-147655.908144685	0	-0.106816949778308	0
"ouwie_Afr_BM_23"	"OUM"	-1444.02170629742	2896.04341259485	2896.06529443292	2918.09824958621	4	930	32	0	0.0159546112197748	0.0159546112197748	0.0568147507542203	0.0568147507542203	0.843082129610612	0.301231412875249	-0.453866010990961	0.602839216533912
"ouwie_Afr_BM_23"	"OUMV"	-1443.84031733931	2897.68063467862	2897.71347540111	2925.24918091781	5	900	37	23	0.0157793438623689	0.0157793438623689	0.056940581481947	0.0505290716595013	0.842897372207097	0.303652321422696	-0.472295487305168	0.585785955231087
"ouwie_Afr_BM_23"	"OUMVA"	-1443.83643947703	2899.67287895405	2899.71888114463	2932.75513444109	6	900	37	23	0.0158046574093867	0.0156242811662703	0.0568798636741465	0.0515303253063698	0.84347325531298	0.303234191330086	-0.481325040296818	0.596356512812513
"ouwie_Afr_BM_23"	"OUMA"	34924.9126933511	-69839.8253867021	-69839.7925459796	-69812.2568404629	5	8.8e+07	690000	29000	6.28673989142925e-05	0.634287453367393	1e-09	1e-09	-24012400.1321066	5.15270527012544e+25	-0.030009646207958	2110220400760747008
"ouwie_Afr_BM_24"	"OUMA"	23607.17193724	-47204.3438744801	-47204.3110337576	-47176.7753282409	5	6.2e+09	1.1e+07	1200	3.27822650409471	1.53540212981703	1e-09	1e-09	1.12197233882566	22077638650431.7	1.5856205766817e-38	2.40710355501979e-32
"ouwie_Afr_BM_25"	"OUMA"	22749.222014914	-45488.4440298279	-45488.4111891054	-45460.8754835887	5	1.1e+09	2900	-5.4e+08	3.28631371172916	0.955191501743406	1.0155003267281e-09	1.0155003267281e-09	0.889286371123197	3.22090446806348e+59	8.1997345779256e-26	0
"ouwie_Afr_BM_25"	"OUMVA"	22777.8357595599	-45543.6715191197	-45543.6255169291	-45510.5892636327	6	900	40	22	3.37210630908048	1.10588939892727	1.00045890938883e-09	0.000392559487056015	0.889286371123197	5.07784907541246e+57	6.59736875640508e-20	8.35435399005384e+35
"ouwie_Afr_BM_26"	"OUMA"	139648.575470964	-279287.150941928	-279287.118101206	-279259.582395689	5	1.2e+09	1.2e+08	84000	0.0284645883458091	0.253667502397559	1e-09	1e-09	-1864070726.74922	5895148.47134726	7.81538151313071	0
"ouwie_Afr_BM_27"	"OUMA"	16095.161270283	-32180.3225405661	-32180.2896998436	-32152.7539943269	5	1.4e+07	1e+05	-190	1.25594218007221e-09	0.23640943268387	1e-09	1e-09	396433.668025857	0	-130.971163685592	1.35353407925177
"ouwie_Afr_BM_28"	"OUMA"	47177.5153668866	-94345.0307337731	-94344.9978930506	-94317.4621875339	5	3.6e+08	2e+07	-2900000	0.0461584835174978	0.25393963308655	1e-09	1e-09	9722150.51728137	381068.16502572	6.72824121393773	0.00132453001674938
"ouwie_Afr_BM_29"	"OUMA"	45115.8383754907	-90221.6767509815	-90221.643910259	-90194.1082047423	5	7.8e+08	5.8e+08	50000	4.56064939185033e-05	0.798732461128694	1.00001607559438e-09	1.00001607559438e-09	18332.7200056662	0	-0.692409726754726	1.65702137676528e+25
"ouwie_Afr_BM_3"	"OUMA"	23296.9260865077	-46583.8521730154	-46583.8193322929	-46556.2836267762	5	5.8e+09	7.3e+07	1100	3.41064956436638	1.18722623567952	1e-09	1e-09	2.79647806431018	8.69291023067353e+53	1.77277311799975e-25	1.81890120534992e+29
"ouwie_Afr_BM_30"	"OUMA"	14737.4461467959	-29464.8922935919	-29464.8594528694	-29437.3237473527	5	160000	37000	-7.3e+07	0.00036050454469183	0.189614141117989	1e-09	1e-09	139136282.184354	0	-8.6852967720823	0.250341576935951
"ouwie_Afr_BM_31"	"OUM"	-1273.84111030019	2555.68222060039	2555.70410243846	2577.73705759174	4	950	44	0	0.0187017948208786	0.0187017948208786	0.0410483173674215	0.0410483173674215	0.368948821178041	0.19506153137507	-0.277019063810815	0.419692405416474
"ouwie_Afr_BM_31"	"OUMV"	-1273.23956994896	2556.47913989792	2556.51198062042	2584.04768613712	5	910	48	25	0.0184563189514567	0.0184563189514567	0.0412335702116624	0.0330936152260686	0.378051719192876	0.198269345670352	-0.285668662823824	0.400314712418418
"ouwie_Afr_BM_31"	"OUMVA"	-1272.4983954394	2556.9967908788	2557.04279306938	2590.07904636584	6	910	48	25	0.0177490333673642	0.0220068618708611	0.040996633822907	0.0206889794980348	0.39561165395599	0.206226877668413	-0.123906584312008	0.293288695503693
"ouwie_Afr_BM_31"	"OUMA"	14594.4343357528	-29178.8686715055	-29178.835830783	-29151.3001252663	5	710000	20000	-4600	5.55091355398881e-05	0.2159367698234	1e-09	1e-09	-293774.861822572	4673.93761333502	-1.80558460531483	0
"ouwie_Afr_BM_32"	"OUMA"	17769.7128000853	-35529.4256001705	-35529.392759448	-35501.8570539313	5	2.1e+09	39000	-2.1e+09	1.09753696814404e-09	0.308866572473511	1e-09	1e-09	3.40966723092078e-15	1.03485189385778e-11	0.307825610653504	933.188677608083
"ouwie_Afr_BM_33"	"OUMA"	29168.8428794755	-58327.685758951	-58327.6529182285	-58300.1172127118	5	1e+08	980000	9200	9.68169265955667e-09	0.211970344964149	1e-09	1e-09	-6448676.37695432	24274.4258265494	4.44776269213604	0.101084781300342
"ouwie_Afr_BM_34"	"OUMA"	40265.2393155551	-80520.4786311102	-80520.4457903877	-80492.910084871	5	8500000	11000	-7e+07	3.34250307416238e-05	0.39816080778676	1.01435229537168e-09	1.01435229537168e-09	4.55253225796167e-07	0	1.92547686611881	149161392.521147
"ouwie_Afr_BM_35"	"OUMA"	23030.4973295329	-46050.9946590658	-46050.9618183433	-46023.4261128266	5	6.1e+09	7e+06	1000	3.30450799648357	1.58629368037923	1e-09	1e-09	2.93602867600679	1.61763630997698e+43	-2.5201422256991e-44	0
"ouwie_Afr_BM_36"	"OUM"	-1352.3740296645	2712.748059329	2712.76994116708	2734.80289632036	4	930	23	0	0.0133314302675832	0.0133314302675832	0.0464533743271576	0.0464533743271576	0.715337834203216	0.337602556875459	-0.725306475326222	0.852068217799697
"ouwie_Afr_BM_36"	"OUMV"	-1352.37389174661	2714.74778349322	2714.78062421571	2742.31632973241	5	890	33	20	0.0133293401499894	0.0133293401499894	0.0464561225706635	0.0463141404052263	0.715451371456165	0.337659617718251	-0.726281780755097	0.851537543254694
"ouwie_Afr_BM_36"	"OUMVA"	-1352.28960274289	2716.57920548578	2716.62520767636	2749.66146097282	6	890	33	20	0.0130550853467771	0.0150450697010734	0.0463596614951269	0.0353881428793039	0.718439491655567	0.344020253941393	-0.499529941815538	0.690209830604081
"ouwie_Afr_BM_36"	"OUMA"	23379.7710133138	-46749.5420266276	-46749.5091859051	-46721.9734803884	5	1.4e+07	1400	-5.8e+08	3.15198813165897	1.63159254175014	1e-09	1e-09	-0.180601651884138	2.89936972682787e+31	-1.08411017949842e-19	0
"ouwie_Afr_BM_37"	"OUM"	-1357.81424903154	2723.62849806309	2723.65037990116	2745.68333505445	4	940	42	0	0.0181251934129682	0.0181251934129682	0.0469801616402671	0.0469801616402671	1.67186401732667	0.222225160761846	-0.175018046731737	0.532286914030861
"ouwie_Afr_BM_37"	"OUMV"	-1357.74978618479	2725.49957236958	2725.53241309207	2753.06811860878	5	910	46	26	0.0182180546613802	0.0182180546613802	0.046898388414809	0.05022370480733	1.67365675858134	0.220806405004253	-0.168237088898174	0.540069489225198
"ouwie_Afr_BM_37"	"OUMVA"	-1355.9213775487	2723.8427550974	2723.88875728798	2756.92501058443	6	910	46	26	0.0190946408067701	0.0142653848653168	0.0466959894323614	0.0848754899780233	1.68849216717979	0.208610891982613	-0.920522375701435	0.847693178285647
"ouwie_Afr_BM_37"	"OUMA"	24431.9290553101	-48853.8581106202	-48853.8252698977	-48826.289564381	5	1.1e+09	1700000	6300	2.47724053326258e-06	0.358058691860724	1.03699011204433e-09	1.03699011204433e-09	-2.89923657940947e-08	0	0.959759379748837	442793.141295486
"ouwie_Afr_BM_38"	"OUMA"	45418.6305882696	-90827.2611765392	-90827.2283358167	-90799.6926303	5	1.7e+09	1.4e+09	73000	4.01766589254945e-05	0.833470023551763	1.00009825615396e-09	1.00009825615396e-09	-3151846.57471571	2.88848825748448e+34	-0.280021497589844	8.15554669305091e+26
"ouwie_Afr_BM_39"	"OUMA"	23330.6403136421	-46651.2806272842	-46651.2477865617	-46623.712081045	5	6.3e+09	1.4e+08	180	3.2426371429082	1.17892223821072	1.00026347552283e-09	1.00026347552283e-09	-0.180601651884138	3.47484796273786e+50	-1.61141112258212e-24	0
"ouwie_Afr_BM_4"	"OUMA"	22686.1572127042	-45362.3144254085	-45362.281584686	-45334.7458791693	5	2e+07	380	-5.3e+08	3.33422062438164	1.6396325188451	1e-09	1e-09	1.02883698281981	8.25986824874683e+47	4.14073867414828e-32	0
"ouwie_Afr_BM_40"	"OUMA"	25244.5114047402	-50479.0228094805	-50478.989968758	-50451.4542632413	5	2.4e+08	44000	-2.6e+08	3.80567596973793e-06	0.294482343539488	1.00709347762778e-09	1.00709347762778e-09	1.16825524025397e-10	0	2.93085659856755	407319.650833139
"ouwie_Afr_BM_41"	"OUMA"	14591.4249312732	-29172.8498625464	-29172.8170218239	-29145.2813163072	5	46000	590	-110000	1.18721065992759e-08	0.21228861201193	1e-09	1e-09	-1819951.46119556	277399.966700834	-0.629435523033781	0.217677747485492
"ouwie_Afr_BM_42"	"OUMA"	23225.6288979229	-46441.2577958458	-46441.2249551233	-46413.6892496066	5	5.6e+09	1.4e+07	1600	3.46183945950264	1.45090566172311	1.00712579979886e-09	1.00712579979886e-09	2.74120469307642	7.0113444874921e+45	-6.36589450578872e-26	0
"ouwie_Afr_BM_43"	"OUMA"	16384.2885252415	-32758.5770504829	-32758.5442097604	-32731.0085042437	5	2e+07	1300000	-170000	0.0101245247032505	0.240881447004238	1e-09	1e-09	-40493.3167124992	3651.0301613373	8.09087692460651	0.0994715752859271
"ouwie_Afr_BM_44"	"OUM"	-1516.65318468593	3041.30636937185	3041.32825120993	3063.36120636321	4	930	31	0	0.0151946302930973	0.0151946302930973	0.0578186924399784	0.0578186924399784	0.92198538260128	0.325727529041281	-0.242436739948978	0.572595911010011
"ouwie_Afr_BM_44"	"OUMV"	-1516.62996639512	3043.25993279024	3043.29277351274	3070.82847902944	5	900	38	24	0.0151340776040821	0.0151340776040821	0.0578707504290139	0.0555614434331183	0.925266541036166	0.326334114511581	-0.245260010258307	0.565927359252408
"ouwie_Afr_BM_44"	"OUMVA"	14067.0790431087	-28122.1580862175	-28122.1120840269	-28089.0758307304	6	900	38	24	0.264670735745689	1.14391742231925e-09	1e-09	1.04010756611085e-09	1.96074277254436	0.128772282216752	-6.56407661892541e-16	6.52109114264817e-16
"ouwie_Afr_BM_44"	"OUMA"	32332.5272685846	-64655.0545371692	-64655.0216964468	-64627.4859909301	5	2400000	1900000	3200	0.00362200300564991	0.469286247872028	1.00663087631634e-09	1.00663087631634e-09	2.06273932979476e-11	0	0.303131409601471	337068955122.484
"ouwie_Afr_BM_45"	"OUMA"	23393.2398348157	-46776.4796696314	-46776.4468289089	-46748.9111233922	5	6.1e+09	4.9e+09	480	3.30056057503834	1.02605887919002	1e-09	1e-09	1.85035816140492	2.82582303268169e+50	-4.88763821605672e-27	0
"ouwie_Afr_BM_46"	"OUMVA"	26613.6751570839	-53215.3503141678	-53215.3043119772	-53182.2680586808	6	910	49	26	0.00633847318543546	0.282601116814604	1.00374127551293e-09	0.00700513779195172	1.37288701587434e-12	0.000285257434626026	0.404571434503452	86777543.1896782
"ouwie_Afr_BM_46"	"OUMA"	42210.7921172193	-84411.5842344385	-84411.551393716	-84384.0156881993	5	4.3e+07	41000	-6.6e+07	2.56270164149016e-05	0.465976345912662	1e-09	1e-09	2.81647655436801e-07	0	0.0644341005776991	65486505851.32
"ouwie_Afr_BM_47"	"OUMA"	23307.0585103322	-46604.1170206643	-46604.0841799418	-46576.5484744251	5	5.8e+09	1.1e+07	1600	3.41457046542358	1.30908968030231	1e-09	1e-09	2.69880523397499	51840434127.1459	-2.84333139557538e-54	0
"ouwie_Afr_BM_48"	"OUMA"	19744.2113884728	-39478.4227769455	-39478.389936223	-39450.8542307063	5	6200000	160000	-2800000	0.022639711664459	0.249152429623776	1e-09	1e-09	-5048265.38349319	472445.930639558	0.283487348920027	0.088818207359201
"ouwie_Afr_BM_49"	"OUMA"	23901.0195241552	-47792.0390483105	-47792.006207588	-47764.4705020713	5	5.3e+09	2.1e+07	1000	3.60302156404758	1.54688177229313	1e-09	1e-09	1.5405225590407	4151600069.03981	8.10344606234838e-88	2.18382178400914e-78
"ouwie_Afr_BM_5"	"OUMA"	26041.1192617877	-52072.2385235754	-52072.2056828529	-52044.6699773362	5	1.6e+07	620000	3200	0.00226285341269502	0.615614620674575	1e-09	1e-09	90145.0543056184	1.1191529041479e+23	-0.299205196488957	366010131991532928
"ouwie_Afr_BM_50"	"OUM"	-1396.02163505205	2800.0432701041	2800.06515194217	2822.09810709546	4	940	37	0	0.0193213425439794	0.0193213425439794	0.0530873772576705	0.0530873772576705	0.433565101985085	0.244153739142924	-0.322939181449976	0.410918736577744
"ouwie_Afr_BM_50"	"OUMV"	-1391.5644622463	2793.1289244926	2793.16176521509	2820.69747073179	5	900	44	22	0.0176939515572939	0.0176939515572939	0.0532507707003455	0.0297223039565918	0.488062962710183	0.260963005938759	-0.336636991646379	0.359809366448962
"ouwie_Afr_BM_50"	"OUMA"	37146.5233947815	-74283.0467895629	-74283.0139488404	-74255.4782433237	5	4.8e+09	5900	-9.1e+07	0.000118294891415312	1.03128587038497	1e-09	1e-09	4.50666911650586e-16	1.673816050806e+26	1.88473268305206	1.05756164450614e+40
"ouwie_Afr_BM_50"	"OUMVA"	45060.6599330021	-90109.3198660041	-90109.2738638136	-90076.2376105171	6	900	44	22	4.51633363704268e-05	0.488457827000919	1.00050861555761e-09	1.09966399587392e-09	-5511.4270083314	11181560723557874	-0.557634225506654	459469137057.283
"ouwie_Afr_BM_51"	"OUMA"	40966.3414569633	-81922.6829139266	-81922.6500732041	-81895.1143676874	5	6.3e+08	4.8e+08	130000	9.09988015990261e-06	0.676819265963309	1.47929920239985e-09	1.47929920239985e-09	59060.4497797138	0	-0.699348743690447	1.1975829132116e+19
"ouwie_Afr_BM_52"	"OUMA"	14707.1207708537	-29404.2415417074	-29404.2087009849	-29376.6729954682	5	1200000	3600	160	3.29409777711473e-08	0.253091935144703	1e-09	1e-09	9380.03338437274	0	1.3509969287258	4.97743398609792
"ouwie_Afr_BM_53"	"OUMA"	19271.0713741186	-38532.1427482372	-38532.1099075147	-38504.574201998	5	3.2e+07	860000	-2800	0.000113850275511728	0.205375317272846	1e-09	1e-09	38142402.1583203	0	-4.3973131408153	0.223978039872385
"ouwie_Afr_BM_54"	"OUMA"	27322.9760342198	-54635.9520684395	-54635.9192277171	-54608.3835222003	5	3.3e+11	250000	-1.5e+08	4.12628032982744e-06	0.589625701727875	1.14364520193521e-09	1.14364520193521e-09	184784.886774436	0	1.16662971116047	23253535422827956
"ouwie_Afr_BM_55"	"OUMA"	22865.4813193818	-45720.9626387636	-45720.9297980411	-45693.3940925244	5	5.7e+09	2300000	130	3.45619024710934	1.41193138699048	1.00005039317433e-09	1.00005039317433e-09	1.58311418289115	7.11309079899039e+40	-8.08057814016947e-25	34572595589454232
"ouwie_Afr_BM_56"	"OUMA"	15412.844307728	-30815.6886154561	-30815.6557747336	-30788.1200692169	5	6600000	67000	-600	3.90291642979102e-08	0.23014875733093	1e-09	1e-09	-68796.8580190141	0	8.52972690328095	0.146629467181251
"ouwie_Afr_BM_57"	"OUMA"	23445.3776535732	-46880.7553071463	-46880.7224664238	-46853.1867609071	5	6e+09	5500000	1200	3.34034418691495	1.4633907285814	1e-09	1e-09	3.02906241713787	1.3258536808941e+42	-5.02545522784306e-35	0
"ouwie_Afr_BM_58"	"OUMA"	44431.4498958102	-88852.8997916203	-88852.8669508978	-88825.3312453811	5	1.4e+10	9.7e+08	65000	8.5683050786238e-05	1.05202308592619	1.02626330964834e-09	1.02626330964834e-09	7.19431105068106e-07	9.29605901236318e+30	1.74546443514108	7.05310522368967e+37
"ouwie_Afr_BM_58"	"OUMVA"	49616.7415908695	-99221.483181739	-99221.4371795484	-99188.4009262519	6	900	38	24	3.95764918668213e-05	0.532528420979091	1.00422152879036e-09	1.53336914551821e-09	1.31825282242428e-10	0	1.02886114595507	51296610289088.8
"ouwie_Afr_BM_59"	"OUMA"	22861.6752074387	-45713.3504148774	-45713.3175741549	-45685.7818686382	5	1.4e+09	360	-5.5e+08	3.22476281017167	0.928441982287214	1e-09	1e-09	3.35468051109662	4.23426865515151e+57	-6.31561264033649e-25	0
"ouwie_Afr_BM_6"	"OUMA"	34604.4472218626	-69198.8944437253	-69198.8616030028	-69171.3258974861	5	5200000	2200	-1.1e+08	0.000307639231422538	0.598464596685548	1e-09	1e-09	1832034.87770295	0	-4.23483665259563	271300249126500288
"ouwie_Afr_BM_60"	"OUMA"	17988.4806099191	-35966.9612198381	-35966.9283791156	-35939.3926735989	5	5.5e+16	5.7e+11	-1.3e+16	3.039956433492	3.21514294465484	1e-09	1e-09	1.13510828036095e-10	7.17282958828855e-11	-0.242695417621513	0.0589741002303745
"ouwie_Afr_BM_61"	"OUM"	-1415.77475475933	2839.54950951866	2839.57139135673	2861.60434651002	4	930	32	0	0.0149299136207794	0.0149299136207794	0.047541292605948	0.047541292605948	0.413715062703241	0.291804759218042	-0.007156583478378	0.624943002863624
"ouwie_Afr_BM_61"	"OUMV"	-1414.75422300458	2839.50844600917	2839.54128673166	2867.07699224836	5	900	36	21	0.0144911565146562	0.0144911565146562	0.047749029884239	0.0353756762078494	0.412348432296696	0.300842234572867	-0.0185863897258955	0.595960418510456
"ouwie_Afr_BM_61"	"OUMVA"	-1414.75416934843	2841.50833869685	2841.55434088743	2874.59059418389	6	900	36	21	0.0145435617039765	0.0144983068478338	0.0477768529878511	0.035637654772336	0.412630482731661	0.299817318551762	-0.0196486555530958	0.596791655398241
"ouwie_Afr_BM_61"	"OUMA"	15536.3752607549	-31062.7505215098	-31062.7176807873	-31035.1819752706	5	5.1e+07	57000	-84000	2.73321469935975e-09	0.189053239311276	1e-09	1e-09	-20312825.3917825	1294306.71219907	5.92545228455583	0
"ouwie_Afr_BM_62"	"OUMA"	104305.558425168	-208601.116850337	-208601.084009614	-208573.548304097	5	1.1e+15	1.6e+10	990000	0.779573398019234	0.99899015840325	1e-09	1e-09	-177810494.328146	1105105.12199747	1.62264998601715	0
"ouwie_Afr_BM_63"	"OUMVA"	17915.871296409	-35819.7425928181	-35819.6965906275	-35786.660337331	6	890	40	22	1.02272797101562e-09	0.22230030865545	1.00112759917164e-09	0.000754432109088597	-4294033.95503346	76809422.0193389	0.822173632222712	18.0120701835498
"ouwie_Afr_BM_63"	"OUMA"	21467.6820606863	-42925.3641213726	-42925.3312806501	-42897.7955751334	5	5.8e+09	7200000	1300	3.40856612983879	1.55572296126272	1e-09	1e-09	2.37782622922036	2.52644058258856e+46	-9.76844013735833e-37	0
"ouwie_Afr_BM_64"	"OUMA"	23949.0938867168	-47888.1877734337	-47888.1549327112	-47860.6192271945	5	6e+09	5100000	310	3.34791482090996	1.73368054645411	1.01140650798413e-09	1.01140650798413e-09	2.14524187639268	1.30455442097663e+26	-1.06417095718532e-42	0
"ouwie_Afr_BM_65"	"OUMA"	22969.2684678821	-45928.5369357642	-45928.5040950417	-45900.968389525	5	5.7e+09	1.1e+07	810	3.45320239754018	1.52281547033615	1.00282551721188e-09	1.00282551721188e-09	1.44748881790963	4.99594334774548e+38	-5.31535221036588e-22	195680302834651712
"ouwie_Afr_BM_66"	"OUMA"	42337.2409820625	-84664.4819641249	-84664.4491234024	-84636.9134178857	5	3.2e+10	1e+09	-2.7e+08	0.000117644549718819	0.937838294686359	1.09120521508138e-09	1.09120521508138e-09	3.42831893180287e-07	0	-0.784744574439713	5.70379021195826e+31
"ouwie_Afr_BM_67"	"OUMA"	14914.2086055252	-29818.4172110505	-29818.384370328	-29790.8486648113	5	9800000	1200000	-460000	0.032870413554706	0.242668682482824	1e-09	1e-09	-20366.3203200124	0	0.338609178711712	0.0180746369268696
"ouwie_Afr_BM_67"	"OUMVA"	23229.2219318857	-46446.4438637714	-46446.3978615808	-46413.3616082843	6	880	30	9.3	3.35457664166002	1.65812047751723	1.00640090199192e-09	1e-09	0.0519827009435434	5.65999074415646e+45	-9.10351043532746e-24	0
"ouwie_Afr_BM_68"	"OUMA"	22188.3144462469	-44366.6288924937	-44366.5960517712	-44339.0603462545	5	6.3e+09	6.5e+07	1100	3.24809536655102	1.15349722399371	1e-09	1e-09	1.21490446508195	2.40703783287355e+57	9.3923463669045e-22	3.09458357065055e+34
"ouwie_Afr_BM_69"	"OUMA"	17729.2553180511	-35448.5106361022	-35448.4777953797	-35420.942089863	5	6.1e+10	1.9e+08	-2.7e+08	1.63527451454154e-08	0.324329445752694	1.001833302455e-09	1.001833302455e-09	18822407.697297	0	-28.3008006013469	0
"ouwie_Afr_BM_7"	"OUMA"	14686.8496637487	-29363.6993274974	-29363.6664867749	-29336.1307812582	5	770000	4500	-280	1.07717295688213e-09	0.248083452090347	1e-09	1e-09	388961.456210849	0	1.39597146352321	1.43360030709812
"ouwie_Afr_BM_70"	"OUMVA"	34459.1681501018	-68906.3363002036	-68906.290298013	-68873.2540447165	6	900	41	20	0.129651958633516	0.82365413902978	1.00902807233217e-09	1.06205071418033e-09	1.98875679533093e-09	3594979570585.8	0.973106995807811	9.21997530401236e+21
"ouwie_Afr_BM_70"	"OUMA"	39896.6828719416	-79783.3657438833	-79783.3329031608	-79755.7971976441	5	1.2e+07	2100000	1600	0.000186858193927831	1.77385473268486	1.00828060489077e-09	1.00828060489077e-09	-3.78695128508261e-08	5.0144968994798e+64	-0.738836917851788	1.14815247589195e+72
"ouwie_Afr_BM_71"	"OUMA"	63762.0481876343	-127514.096375269	-127514.063534546	-127486.527829029	5	8.1e+08	1.3e+08	-1300000	0.121414437547895	0.352524623770933	1e-09	1e-09	-4710812.18960741	42781.1901992113	0.165745699225407	0.0645229251727078
"ouwie_Afr_BM_72"	"OUMA"	23287.4576408314	-46564.9152816628	-46564.8824409403	-46537.3467354236	5	5.9e+09	2.9e+07	1100	3.35269204658145	1.33317442336021	1e-09	1e-09	-0.831837839801646	6.4277687067797e+32	-1.0535452723873e-28	0.204282835412767
"ouwie_Afr_BM_73"	"OUMA"	23613.9625978801	-47217.9251957603	-47217.8923550378	-47190.3566495211	5	6.2e+09	7800000	1300	3.2764857096753	1.80410411453872	1e-09	1e-09	1.12187072395088	33651.7686568854	4.08057254573819e-73	1.22401343011454e-68
"ouwie_Afr_BM_74"	"OUMA"	42895.7935016289	-85781.5870032579	-85781.5541625354	-85754.0184570187	5	1.6e+09	1.1e+07	8300	3.01676223136e-05	0.350079346624488	1.01874758298195e-09	1.01874758298195e-09	-223090668.420479	2242487865611.48	3.01530866511356	441769.616169855
"ouwie_Afr_BM_74"	"OUMVA"	45846.3738762132	-91680.7477524263	-91680.7017502357	-91647.6654969393	6	900	49	21	5.03788451778609e-05	0.523347423313288	1.01558275207009e-09	1.05848063302725e-09	2.29423935240858e-10	98752.4318855328	2.82555337511594	103989131165587
"ouwie_Afr_BM_75"	"OUM"	-1471.31441279355	2950.6288255871	2950.65070742518	2972.68366257846	4	950	41	0	0.0209181090029327	0.0209181090029327	0.0591669401379711	0.0591669401379711	1.48535576596233	0.221853526560889	-0.0632251025106452	0.466029388300447
"ouwie_Afr_BM_75"	"OUMV"	-1471.29006293712	2952.58012587425	2952.61296659674	2980.14867211344	5	910	50	27	0.0209998231680208	0.0209998231680208	0.0591226966992596	0.0614812618452947	1.48533386846075	0.220738828524698	-0.0576052757629709	0.47022484663524
"ouwie_Afr_BM_75"	"OUMA"	130046264.182646	-260092518.365291	-260092518.332451	-260092490.796745	5	6e+17	7.7e+12	-1.2e+17	3.1513691960297	2.87337849306126	1e-09	1e-09	1.21237773427703	0	484254265.795507	29358.8812532413
"ouwie_Afr_BM_76"	"OUMA"	29521.8046897534	-59033.6093795068	-59033.5765387843	-59006.0408332676	5	3.2e+07	2400000	17000	0.00290250072117144	0.555633353303318	1e-09	1e-09	-17092630.0759197	5.10181835340996e+21	5.40920170254386	9822023162959640
"ouwie_Afr_BM_76"	"OUMVA"	42405.1435653472	-84798.2871306944	-84798.2411285038	-84765.2048752073	6	900	44	26	2.05008549487589e-05	0.463073733962964	1.01740719515686e-09	5.15345986497215e-08	-538499.278699164	0	3.42852414468945	28432315980230.2
"ouwie_Afr_BM_77"	"OUMA"	17448.8179872434	-34887.6359744868	-34887.6031337644	-34860.0674282476	5	1.4e+08	3.1e+07	-160000	0.101180548659681	0.30704047578805	1e-09	1e-09	2549.5336210435	52.4865653054419	3.88162273839153	0.00587341798781678
"ouwie_Afr_BM_78"	"OUMA"	14620.1815878386	-29230.3631756771	-29230.3303349546	-29202.7946294379	5	390000	8500	-8300000	0.0253121542661934	0.252100369432674	1.06058738394575e-09	1.06058738394575e-09	155689.490797374	3982.48545646515	-5.10593993163784	0
"ouwie_Afr_BM_79"	"OUMA"	15561.9547808876	-31113.9095617751	-31113.8767210526	-31086.3410155359	5	8600000	1e+06	-2900	0.0765240424632634	0.302660970578536	1.03337152403103e-09	1.03337152403103e-09	1592768.99676558	451007.611821133	25.7381521542819	0.522584189887564
"ouwie_Afr_BM_8"	"OUMA"	23592.3415608737	-47174.6831217474	-47174.6502810249	-47147.1145755082	5	6.3e+09	6.7e+07	3200	3.23079580759299	1.27937645005627	1e-09	1e-09	2.93602867600679	6.39223016891821e+44	-3.94139884288374e-24	0
"ouwie_Afr_BM_80"	"OUMA"	118177.878316598	-236345.756633196	-236345.723792474	-236318.188086957	5	1.2e+09	2.1e+08	63000	0.0874430462775677	0.286111017668723	1e-09	1e-09	1328527967.35297	0	-185.891469182634	0.0612146709989897
"ouwie_Afr_BM_81"	"OUMA"	63626.1685488716	-127242.337097743	-127242.304257021	-127214.768551504	5	3.6e+08	2.4e+07	-27000	0.00506792023073674	0.214106613339294	1e-09	1e-09	-334210.085278112	3285.52035856596	-67.0008784660285	0.181953918251789
"ouwie_Afr_BM_82"	"OUM"	-1381.45512049469	2770.91024098939	2770.93212282746	2792.96507798075	4	930	31	0	0.0137110699623452	0.0137110699623452	0.0441737731279782	0.0441737731279782	0.753907626839406	0.303117509063757	-0.825984607925819	0.65855576307216
"ouwie_Afr_BM_82"	"OUMV"	-1381.27348923344	2772.54697846687	2772.57981918937	2800.11552470607	5	900	38	26	0.013636021926999	0.013636021926999	0.0443165823749292	0.0397425533645735	0.756719453310865	0.304884661482067	-0.82762135351199	0.642395503596038
"ouwie_Afr_BM_82"	"OUMVA"	-1378.51707359444	2769.03414718888	2769.08014937946	2802.11640267592	6	900	38	26	0.0126733378215297	0.0210845896489891	0.04389874161503	0.0139619677880706	0.747271552822646	0.319068724617962	-0.218125321539921	0.315869886261925
"ouwie_Afr_BM_82"	"OUMA"	15281.5232627874	-30553.0465255747	-30553.0136848522	-30525.4779793355	5	1.9e+08	63000	-6800000	0.0184572400508676	0.206540841416801	1e-09	1e-09	2345968.62384813	145642.169988049	-1.60095819376883	0.00563864011054447
"ouwie_Afr_BM_83"	"OUMA"	14675.7080464487	-29341.4160928974	-29341.3832521749	-29313.8475466582	5	430000	2100	110	5.65811512821579e-08	0.251379059260617	1e-09	1e-09	404965075.005503	138062786.815367	7.81774761102166	10.354095901435
"ouwie_Afr_BM_84"	"OUMA"	17291.1954261066	-34572.3908522132	-34572.3580114907	-34544.822305974	5	130000	2200	-1e+06	8.68028731429665e-09	0.421728925614754	1e-09	1e-09	1.2660926436138e-06	5.7527228072804	2.43098773531437	459979124.064571
"ouwie_Afr_BM_84"	"OUMVA"	21936.908298766	-43861.8165975321	-43861.7705953415	-43828.734342045	6	900	39	24	3.00493442370988	0.736315781020801	1.00619049098604e-09	0.00758691406304442	2.84299493487572	4.93911112069299e+53	-2.01330647623569e-28	0
"ouwie_Afr_BM_85"	"OUMA"	43349.0832621232	-86688.1665242465	-86688.133683524	-86660.5979780073	5	3.7e+09	1.1e+09	9200	0.00012577615855726	1.03589829011821	1e-09	1e-09	4.13446554266135e-08	1.12156523195111e+28	2.24896729199692	2.10423933117849e+36
"ouwie_Afr_BM_86"	"OUMA"	23503.9711966549	-46997.9423933098	-46997.9095525873	-46970.3738470706	5	5.7e+09	9700000	1100	3.4255610816447	1.56081692692103	1e-09	1e-09	-0.78532096923611	6.90716112597932e+42	-9.85194570802665e-30	0
"ouwie_Afr_BM_87"	"OUMVA"	37515.4218051749	-75018.8436103499	-75018.7976081593	-74985.7613548628	6	910	55	24	0.0711967385867376	0.986460233006085	1.01324914465419e-09	1.00991950864041e-09	-6.93393323255322e-08	6.9443959566254e+21	0.210624532287629	5.35086061158238e+30
"ouwie_Afr_BM_87"	"OUMA"	46622.3374100019	-93234.6748200037	-93234.6419792812	-93207.1062737645	5	6.8e+08	1.4e+07	18000	2.26010607672357e-05	0.460607283078402	1e-09	1e-09	9.67484960480854e-14	0.000677347574874022	1.00117488172646	5318184880.35578
"ouwie_Afr_BM_88"	"OUMA"	122180.960633272	-244351.921266543	-244351.888425821	-244324.352720304	5	8.5e+08	6300000	99000	1.02872059329651e-09	0.229644337849355	1e-09	1e-09	10218899.935182	61090.0398851447	-258.822831584522	0
"ouwie_Afr_BM_89"	"OUMA"	15795.2937484909	-31580.5874969818	-31580.5546562593	-31553.0189507426	5	8700000	130000	-7200	1.59100142341535e-06	0.212540705948439	1e-09	1e-09	31939767.0604602	3149347.40335182	-216.606788786975	0.172177185474388
"ouwie_Afr_BM_9"	"OUM"	-1412.17427719181	2832.34855438363	2832.3704362217	2854.40339137499	4	930	27	0	0.0145945905099883	0.0145945905099883	0.0447970553323067	0.0447970553323067	1.53844811947276	0.296042525383064	-0.134746084743822	0.593314416265893
"ouwie_Afr_BM_9"	"OUMV"	-1412.14120622832	2834.28241245664	2834.31525317914	2861.85095869584	5	900	38	20	0.0144924603754247	0.0144924603754247	0.0448295436335933	0.0426993540560568	1.53615283649307	0.297822964385849	-0.145753152894986	0.588992869980741
"ouwie_Afr_BM_9"	"OUMVA"	-1411.86062664114	2835.72125328228	2835.76725547286	2868.80350876932	6	900	38	20	0.0148959791479087	0.0132063059325616	0.0446075042849899	0.0504496826206094	1.54842628316762	0.289956197072468	-0.337435347914356	0.68978944343131
"ouwie_Afr_BM_9"	"OUMA"	28762.0095022085	-57514.0190044169	-57513.9861636944	-57486.4504581777	5	1.7e+07	570000	20000	8.54143739605067e-05	0.44345964337236	1.04636879179711e-09	1.04636879179711e-09	185950.178777357	354970195396085	0.945769077991837	0
"ouwie_Afr_BM_90"	"OUM"	-1307.02020667702	2622.04041335404	2622.06229519211	2644.0952503454	4	930	35	0	0.0149188887309566	0.0149188887309566	0.0427996252372514	0.0427996252372514	0.996587930220954	0.272001679017466	-0.0548920099439555	0.732345908839674
"ouwie_Afr_BM_90"	"OUMV"	-1306.94415667965	2623.88831335931	2623.92115408181	2651.45685959851	5	900	42	25	0.0148173536725681	0.0148173536725681	0.042873722394014	0.0399095396919884	0.995705867220443	0.274087684329303	-0.0498543074847293	0.726346791803683
"ouwie_Afr_BM_90"	"OUMA"	-1306.82869035719	2623.65738071438	2623.69022143687	2651.22592695358	5	970	250	15	0.0148572350619855	0.0140272077902332	0.0429134612370111	0.0429134612370111	0.992835857527951	0.273465355579635	-0.115740968264624	0.795132176420698
"ouwie_Afr_BM_90"	"OUMVA"	-1306.68585023624	2625.37170047247	2625.41770266305	2658.45395595951	6	900	42	25	0.0152697724375489	0.0125049727005594	0.0430268680541727	0.0575956429419653	0.987916118219084	0.266060815003182	-0.30559949968786	1.00198655555837
"ouwie_Afr_BM_91"	"OUMA"	22905.2679547859	-45800.5359095718	-45800.5030688493	-45772.9673633326	5	4.6e+08	410	-5.7e+08	3.19246818839834	0.899946241163274	1e-09	1e-09	2.00569126469607	1.0264846751037e+61	-5.58063472440877e-29	0
"ouwie_Afr_BM_92"	"OUMA"	23151.0995797084	-46292.1991594169	-46292.1663186944	-46264.6306131777	5	6.2e+09	1e+08	1000	3.2795185617235	1.1509920514653	1e-09	1e-09	0.982320112254269	2.79241022224104e+41	-7.3082489434119e-31	0
"ouwie_Afr_BM_93"	"OUMV"	-1508.91904853107	3027.83809706214	3027.87093778463	3055.40664330133	5	890	36	19	0.0123897971828523	0.0123897971828523	0.0566415202987983	0.0440834779103426	1.13558282365185	0.376512420892657	-0.0718163834548639	0.817114076107805
"ouwie_Afr_BM_93"	"OUMVA"	-1508.57361376109	3029.14722752219	3029.19322971277	3062.22948300923	6	890	36	19	0.0130848114452621	0.0104651092324656	0.0569155080494567	0.0594713446447935	1.12221401319526	0.358971502999302	-0.415573758112134	1.09715932126918
"ouwie_Afr_BM_93"	"OUMA"	23596.9762872706	-47183.9525745411	-47183.9197338186	-47156.3840283019	5	3.1e+08	270000	67000	4.38044178352325e-06	0.706588473763501	1.06573582030662e-09	1.06573582030662e-09	1.02630786428147e-18	0	0.591656971491874	5.66289614528032e+21
"ouwie_Afr_BM_94"	"OUMA"	28877.8892019713	-57745.7784039426	-57745.7455632201	-57718.2098577034	5	1.4e+07	1300000	12000	0.000176688565943919	0.512994073224564	1.09182835645611e-09	1.09182835645611e-09	186174465.015777	0	3.81050514177649	30572258164219
"ouwie_Afr_BM_94"	"OUMVA"	38717.0885522925	-77422.177104585	-77422.1311023944	-77389.0948490979	6	900	59	22	4.35171844449978e-05	1.01804383369463	1.00265323846555e-09	1.08090710294401e-09	5614627.14014672	2.37798738354673e+44	0.754662175580343	6.28628203198948e+36
"ouwie_Afr_BM_95"	"OUMVA"	14717.9959586491	-29423.9919172981	-29423.9459151075	-29390.9096618111	6	900	45	26	0.00106808528958077	0.211703632428606	1e-09	1e-09	2991731.68406314	59785.5361286173	0.805929066195929	0.0201242687737805
"ouwie_Afr_BM_95"	"OUMA"	22026.5376718039	-44043.0753436077	-44043.0425028852	-44015.5067973685	5	5.6e+09	2.1e+08	600	3.48865668048088	0.93166589368633	1.00761580872184e-09	1.00761580872184e-09	3.21512989940001	3.8018935287652e+62	-2.28277274545538e-20	0
"ouwie_Afr_BM_96"	"OUMA"	22239.894714811	-44469.789429622	-44469.7565888995	-44442.2208833828	5	5.9e+09	2700000	1200	3.38057787411445	1.70140680431132	1e-09	1e-09	-0.552736616408428	2.06556469836838e+44	-2.23248541475201e-28	69674115320281024
"ouwie_Afr_BM_97"	"OUM"	-1502.36626543519	3012.73253087037	3012.75441270845	3034.78736786173	4	940	37	0	0.0166085236560585	0.0166085236560585	0.0574649098169742	0.0574649098169742	1.19647650005932	0.295340905481853	-0.115656182580378	0.774883210922661
"ouwie_Afr_BM_97"	"OUMV"	-1502.34853998565	3014.6970799713	3014.7299206938	3042.2656262105	5	900	42	24	0.0165505635744614	0.0165505635744614	0.0575069665115509	0.0554275242948434	1.19781817847399	0.296555002556341	-0.124487349321378	0.770116671373847
"ouwie_Afr_BM_97"	"OUMVA"	-1502.11747211488	3016.23494422976	3016.28094642034	3049.3171997168	6	900	42	24	0.0168232473989459	0.0127439675662011	0.0576605031631183	0.0945431169443079	1.19275957737772	0.291403181806045	-0.982562612818886	1.25568591028056
"ouwie_Afr_BM_97"	"OUMA"	24229.6511173366	-48449.3022346732	-48449.2693939507	-48421.733688434	5	1.4e+11	370000	-1.3e+08	2.28243611942717	3.8209457362037e-08	1e-09	1e-09	3.40119738166216	473682363782590784	-3.52013766772544e-102	0
"ouwie_Afr_BM_98"	"OUMA"	17002.1383294169	-33994.2766588337	-33994.2438181112	-33966.7081125945	5	6.1e+07	2800000	8500	0.0347041578105672	0.246025141667648	1e-09	1e-09	249566.973816637	0	-1.09421707573579	0
"ouwie_Afr_BM_99"	"OUMA"	23420.2137153303	-46830.4274306607	-46830.3945899382	-46802.8588844215	5	1.5e+07	60000	6600	3.24983762756799	1e-09	1e-09	1e-09	1.35445507677856	1.44033262737312e+79	2.19064614829772e-80	2.30396483645985e-05
